 #### T #### M #### Chi #### E #### Cv #### U ##
  0.10000000149011612        5.8143811942727077E-003   9.6984515465787471E-002  -1.1088494090965404        10.509251931807755       0.44294893928608126     
   9.0000003576278687E-002   5.7825459899573470E-003  0.10639708333788908       -1.1112081098886366        13.073418770648754       0.44229742639929881     
   7.9999998211860657E-002   5.7369707580751808E-003  0.11754386513709084       -1.1137295389297075        16.593750863494634       0.44307374911657404     
   7.0000000298023224E-002   5.7136190534472680E-003  0.13361136326214582       -1.1162617832775379        22.053112181971031       0.44225886784112378     
   5.9999998658895493E-002   5.6742104550777991E-003  0.15399520632837818       -1.1183248538636641        29.930475376563159       0.44222588802098839     
   5.0000000745058060E-002   5.6578086411086647E-003  0.18385275154310315       -1.1204616628105872        43.741063369514293       0.44160315063149347     
   3.9999999105930328E-002   5.6348537202785248E-003  0.22715869436386357       -1.1225707766709037        67.737429396329688       0.44316502042712069     
   2.9999999329447746E-002   5.6101456693739091E-003  0.30148176515410391       -1.1245232651953192        125.22813475360599       0.44182541817196841     
   1.9999999552965164E-002   5.5738131516221267E-003  0.44655103225619724       -1.1265762789239935        285.87268403729661       0.44206086175348103     
   9.9999997764825821E-003   5.5571060453117500E-003  0.88417777397313679       -1.1281745861290984        1178.1634230833281       0.44317322504216439     
