 #### T #### M #### Chi #### E #### Cv #### U ##
  0.50000000000000000        6.0433833489294327E-002   8.2972710985420417E-002  -2.0439898592293414E-002   4.7888650008191549E-002  0.44565149688787331     
  0.49000000953674316        6.0484105540358442E-002   8.4768505351144594E-002  -2.0795765770575889E-002   4.9682365485766752E-002  0.44585140673163903     
  0.47999998927116394        6.0548544850943707E-002   8.6579898893945045E-002  -2.1211016786423908E-002   5.1853419919274744E-002  0.44630601743065601     
  0.46999999880790710        6.0684292851532200E-002   8.9177495288633390E-002  -2.1556109944414776E-002   5.3801835911279690E-002  0.44531410576517261     
  0.46000000834465027        6.0665938365194308E-002   9.0868832887338394E-002  -2.2003867111352833E-002   5.6180682827458847E-002  0.44580848651490135     
  0.44999998807907104        6.0668668526089813E-002   9.2611086336058260E-002  -2.2459377270651327E-002   5.8413072025608005E-002  0.44604484484052165     
  0.43999999761581421        6.0701705839705154E-002   9.4964668035807692E-002  -2.2892492029213965E-002   6.1193841165451977E-002  0.44601354527467385     
  0.43000000715255737        6.0770435431060331E-002   9.7305161798974638E-002  -2.3404136407863433E-002   6.4077047484782088E-002  0.44586197830816521     
  0.41999998688697815        6.0865291704629919E-002  0.10038577055358767       -2.3925588023594065E-002   6.6848653826588347E-002  0.44518587564718093     
  0.40999999642372131        6.0862726040065977E-002  0.10295972579438259       -2.4323076271060066E-002   6.9974344693337229E-002  0.44482711120154017     
  0.40000000596046448        6.1028399409322837E-002  0.10602223708324476       -2.4936585739294026E-002   7.3077609838008414E-002  0.44463109366174036     
  0.38999998569488525        6.1066477645517266E-002  0.10869346737875135       -2.5457527802188941E-002   7.6616784945093067E-002  0.44493582843866541     
  0.37999999523162842        6.1127573489813555E-002  0.11193159161984849       -2.6039021248196365E-002   8.0516294507476965E-002  0.44473673882563058     
  0.37000000476837158        6.1196077561587750E-002  0.11531288064449328       -2.6663036991263663E-002   8.5180242820976776E-002  0.44468504121211971     
  0.36000001430511475        6.1365648218087356E-002  0.11948526474669301       -2.7285006100835514E-002   8.9422260560771114E-002  0.44395614971053532     
  0.34999999403953552        6.1391283014759671E-002  0.12247840136830948       -2.7961250234359331E-002   9.4226341256407359E-002  0.44468037881481026     
  0.34000000357627869        6.1547349643480076E-002  0.12739879311775343       -2.8654873780118415E-002   9.9519373733726366E-002  0.44368588033884582     
  0.33000001311302185        6.1529372205053702E-002  0.13151455506615201       -2.9404350249539163E-002  0.10545165253535067       0.44263902935968780     
  0.31999999284744263        6.1709650004305894E-002  0.13567279828736387       -3.0208917475689302E-002  0.11191881647167073       0.44351016708627611     
  0.31000000238418579        6.1765422088069483E-002  0.14098513060069537       -3.0974249540675680E-002  0.11846201842965329       0.44271016345841796     
  0.30000001192092896        6.1806863078392373E-002  0.14599033561836258       -3.1790811692304785E-002  0.12581886222720789       0.44280067353433472     
  0.28999999165534973        6.1894321001156938E-002  0.15140824246900708       -3.2761951325818793E-002  0.13479522100323041       0.44247807045833998     
  0.28000000119209290        6.2116442507947005E-002  0.15887378939315452       -3.3728545560442282E-002  0.14264609450723861       0.44082732808520697     
  0.27000001072883606        6.2131811213031379E-002  0.16471700659938177       -3.4709716620208705E-002  0.15429636119872092       0.44091404519603328     
  0.25999999046325684        6.2226447522281077E-002  0.17187378551678950       -3.5768995062007571E-002  0.16455233204571271       0.44019023825453718     
  0.25000000000000000        6.2314267781768407E-002  0.17930354402626214       -3.6907778008467743E-002  0.17719038562592426       0.44010844046071484     
  0.23999999463558197        6.2554937548628134E-002  0.18835890506689071       -3.8143463561257085E-002  0.19125078298444564       0.43968769160909793     
  0.23000000417232513        6.2686203988186112E-002  0.19816261989281500       -3.9428374246914248E-002  0.20700046742134576       0.43769559994386364     
  0.21999999880790710        6.2743021474011562E-002  0.20814826156336100       -4.0834279598686581E-002  0.22472058156872229       0.43750249890108317     
  0.20999999344348907        6.2908318637488178E-002  0.22084726360496976       -4.2296535424892451E-002  0.24641071046367327       0.43523650059179064     
  0.20000000298023224        6.3048980356585252E-002  0.23348792160686574       -4.3929638228068731E-002  0.26923940847862471       0.43389227797787011     
  0.18999999761581421        6.3316627108623236E-002  0.24880948536842015       -4.5610802844223697E-002  0.29798596948316725       0.43297647253688154     
  0.18000000715255737        6.3334885791804130E-002  0.26454278463787068       -4.7503118742335974E-002  0.33027965611049265       0.43041925850297602     
  0.17000000178813934        6.3604131123209437E-002  0.28324530210197024       -4.9531326672404383E-002  0.36823962151918876       0.42927248240872540     
  0.15999999642372131        6.3767396745009572E-002  0.30524867869958450       -5.1746639939293064E-002  0.41782858351704982       0.42642835991900296     
  0.15000000596046448        6.3947120135931138E-002  0.33158206426101045       -5.4191734267535048E-002  0.47362840033028875       0.42226771145813047     
  0.14000000059604645        6.4104259330300131E-002  0.35732283961919964       -5.6886702098094682E-002  0.54509790782235568       0.42107845101614172     
  0.12999999523162842        6.4338212575584558E-002  0.39345606586686627       -6.0056424686644502E-002  0.64779198451013120       0.41465368545248471     
  0.11999999731779099        6.4479354091475663E-002  0.43591251176724199       -6.3587648269378183E-002  0.78455073660057351       0.41048633187864714     
  0.10999999940395355        6.4548912499160754E-002  0.47979650858861861       -6.7905351960677485E-002  0.99526723653774163       0.40598378538016322     
  0.10000000149011612        6.4093380671330039E-002  0.53408192233189078       -7.3538986515186491E-002   1.3607983135764481       0.39668056117113071     
   9.0000003576278687E-002   6.3466925095615398E-002  0.59914513652676704       -8.1642633574556062E-002   2.1227996372144049       0.38637447334138275     
   7.9999998211860657E-002   6.0857267173875858E-002  0.64973095643101653       -9.6272155828499364E-002   3.8269716654768975       0.36894752417745669     
   7.0000000298023224E-002   5.4784278436976683E-002  0.64401587048407316      -0.12130264484821854        5.2056593356008198       0.34342511285297406     
   5.9999998658895493E-002   4.6933370984251377E-002  0.59091802200602794      -0.14573544755112489        3.3504891472699732       0.31388390831349788     
   5.0000000745058060E-002   4.0843321312848152E-002  0.56206521949176780      -0.16207769699095231        2.3072381483351858       0.29721388454234288     
   3.9999999105930328E-002   3.5230838115602653E-002  0.54814899341780365      -0.17490217625817883        2.0023489294533250       0.28582953113104104     
   2.9999999329447746E-002   2.9766191523471021E-002  0.52907938347100958      -0.18560692050058447        2.1974643052607856       0.28923820033376502     
   1.9999999552965164E-002   2.3598476244220498E-002  0.52728726286635785      -0.19534616083517281        3.2687198390358092       0.26974854210511501     
   9.9999997764825821E-003   1.6360314175405240E-002  0.53179697053850228      -0.20419905807840244        9.6603019737830156       0.24672189801660183     
