 #### T #### M #### Chi #### E #### Cv #### U ##
  0.50000000000000000        8.0563646188788252E-002   8.2058710882973895E-002  -2.0486513222119591E-002   4.7990777193913252E-002  0.44918098187847877     
  0.49000000953674316        8.0637087577510660E-002   8.4034303956275522E-002  -2.0833064995749075E-002   4.9822235275077405E-002  0.44929133015034972     
  0.47999998927116394        8.0739724763402632E-002   8.5817881333293072E-002  -2.1175484335079757E-002   5.1948529275031782E-002  0.44991684291662271     
  0.46999999880790710        8.0842297817194611E-002   8.7752297367986079E-002  -2.1645159504239214E-002   5.4024022002311253E-002  0.44930330294378629     
  0.46000000834465027        8.0970953002927309E-002   9.0014902881399073E-002  -2.2066528404493205E-002   5.6138039856002520E-002  0.44890295238324252     
  0.44999998807907104        8.0963337141182520E-002   9.1640845494896983E-002  -2.2512196016026095E-002   5.8636959137504892E-002  0.45058963604364854     
  0.43999999761581421        8.1046612462135986E-002   9.4603147563121950E-002  -2.2926488652924869E-002   6.1551797210339224E-002  0.44873474924158097     
  0.43000000715255737        8.1128424859844492E-002   9.6761982114550019E-002  -2.3417328324056977E-002   6.4166711063920759E-002  0.44920880842465494     
  0.41999998688697815        8.1255484668933661E-002   9.9604683062526400E-002  -2.3896955501890610E-002   6.7260610880581051E-002  0.44830377559704371     
  0.40999999642372131        8.1283481430373658E-002  0.10189119981684432       -2.4441679262340681E-002   7.0109208937382858E-002  0.44903812774558949     
  0.40000000596046448        8.1418597033651841E-002  0.10450255019380067       -2.4950132261504963E-002   7.3421381460149926E-002  0.44995268996382165     
  0.38999998569488525        8.1428118585807327E-002  0.10802952142670784       -2.5552661036444466E-002   7.7383741986691831E-002  0.44697413281848442     
  0.37999999523162842        8.1509900427688020E-002  0.11098056368656085       -2.6121260893665319E-002   8.1514891159538402E-002  0.44779116000013441     
  0.37000000476837158        8.1638739019649215E-002  0.11454650408197249       -2.6739755903174667E-002   8.5667666767850120E-002  0.44697907034776529     
  0.36000001430511475        8.1697064863883770E-002  0.11796043096833163       -2.7377303512521788E-002   9.0177863477366602E-002  0.44711916547437480     
  0.34999999403953552        8.1827424658708292E-002  0.12183880533196519       -2.8084951808006194E-002   9.4850891317824523E-002  0.44688442400466966     
  0.34000000357627869        8.2012763510505446E-002  0.12608597440580885       -2.8809952004498818E-002  0.10029928799207079       0.44697375129805450     
  0.33000001311302185        8.2158134400827823E-002  0.13027421070883605       -2.9520608858661129E-002  0.10612125600496063       0.44670861369876624     
  0.31999999284744263        8.2233310039567034E-002  0.13483665438599787       -3.0296298692770323E-002  0.11229327096148632       0.44636042024056133     
  0.31000000238418579        8.2329187232205961E-002  0.13984233574678068       -3.1071276948386895E-002  0.11942355236893051       0.44542995077144787     
  0.30000001192092896        8.2491236403660115E-002  0.14523440678668229       -3.2008623404396135E-002  0.12687446774790442       0.44522297480468509     
  0.28999999165534973        8.2595834384575531E-002  0.15048408299192334       -3.2906120386073739E-002  0.13559629406286455       0.44524940814913971     
  0.28000000119209290        8.2796705708619300E-002  0.15590084962630188       -3.3863966576682961E-002  0.14516506879983621       0.44634698112259785     
  0.27000001072883606        8.2853599455612811E-002  0.16328005713777827       -3.4859386755452623E-002  0.15524592128241116       0.44390870173260866     
  0.25999999046325684        8.3008752985137810E-002  0.17012655236664523       -3.6014261070147720E-002  0.16638897479627221       0.44399507019295648     
  0.25000000000000000        8.3170258271565309E-002  0.17864497078178868       -3.7076527539698409E-002  0.17994237277167466       0.44299935511342270     
  0.23999999463558197        8.3321281847009585E-002  0.18683207046509431       -3.8425621180851001E-002  0.19399988444717156       0.44194793976662750     
  0.23000000417232513        8.3623005442004864E-002  0.19759807908839774       -3.9744041042736475E-002  0.21052816853543757       0.43996846543657264     
  0.21999999880790710        8.3685390986956668E-002  0.20738108256833046       -4.1192933207776089E-002  0.23035653802726486       0.43913210396180546     
  0.20999999344348907        8.3991628100305027E-002  0.21720288733159482       -4.2685588915023533E-002  0.25078779107410498       0.44161051120795003     
  0.20000000298023224        8.4132350990158533E-002  0.23104793997602527       -4.4404414275339789E-002  0.27561756940626153       0.43827912672890468     
  0.18999999761581421        8.4310625121790800E-002  0.24568754772483234       -4.6070518007503766E-002  0.30409690663866368       0.43632247530911850     
  0.18000000715255737        8.4535392615872076E-002  0.26194716592478817       -4.8002636271324700E-002  0.33869276918739954       0.43474890679578415     
  0.17000000178813934        8.4623577922196630E-002  0.28067867610314773       -5.0167348109697377E-002  0.37886623028250499       0.43218960835773068     
  0.15999999642372131        8.4895220696897283E-002  0.30130950717470778       -5.2449061967979049E-002  0.43016611072503752       0.43050106579959890     
  0.15000000596046448        8.5103075649649376E-002  0.32401697641742555       -5.5027013786506332E-002  0.49186172646113524       0.42897679900273189     
  0.14000000059604645        8.5219671995553317E-002  0.35284701598722107       -5.8019455086155566E-002  0.57265955398498658       0.42449278562244175     
  0.12999999523162842        8.5547987862747601E-002  0.38546097929297163       -6.1303679857463614E-002  0.68017905113987864       0.42170442297628075     
  0.11999999731779099        8.5554960307674191E-002  0.42613063558072922       -6.5272742286642538E-002  0.83456501829380381       0.41515564345356615     
  0.10999999940395355        8.5231847071408837E-002  0.47112784271144337       -7.0273280519462258E-002   1.0667512876458396       0.40820482572638328     
  0.10000000149011612        8.4694018321682094E-002  0.52619162498704175       -7.6485469146051921E-002   1.4586857328640013       0.39998019490993764     
   9.0000003576278687E-002   8.3180395547547942E-002  0.58577706267929119       -8.5516322463058944E-002   2.1874314492613043       0.38466852460666368     
   7.9999998211860657E-002   7.9546702382699577E-002  0.63915807315269191      -0.10077521748380319        3.4830013342558757       0.36220005677674760     
   7.0000000298023224E-002   7.2330245433550613E-002  0.66061768762379336      -0.12242784112285258        4.4229771798017410       0.32373515387036522     
   5.9999998658895493E-002   6.2438038966358682E-002  0.60195752169282168      -0.14567583638533729        3.2436323816271102       0.30326568619887984     
   5.0000000745058060E-002   5.4047471309708807E-002  0.56163153203946037      -0.16214359419611263        2.3320422729159369       0.29171275501755534     
   3.9999999105930328E-002   4.6909726031379946E-002  0.55073537744497780      -0.17485682651456971        1.9820936619297378       0.28120178599922230     
   2.9999999329447746E-002   3.9806768882670554E-002  0.55302788591918473      -0.18555400973736030        2.2004267561602595       0.25739365986213814     
   1.9999999552965164E-002   3.1621919408581896E-002  0.52971772082230195      -0.19521128590103848        3.2760171067486943       0.27188928952551883     
   9.9999997764825821E-003   2.2218541021920911E-002  0.51591822630293427      -0.20410419655948114        9.6778306864075176       0.28932606826962859     
