 #### T #### M #### Chi #### E #### Cv #### U ##
  0.50000000000000000        4.8395902863193979E-002   8.3167521151022564E-002  -2.0399357606160545E-002   4.7799189153202602E-002  0.44498582518402974     
  0.49000000953674316        4.8405433323072643E-002   8.4915945728772993E-002  -2.0802641999537963E-002   4.9571881372791129E-002  0.44508032247601936     
  0.47999998927116394        4.8410686652324599E-002   8.6997863260506889E-002  -2.1202677833150926E-002   5.1773331149301230E-002  0.44410732243754136     
  0.46999999880790710        4.8509576632988084E-002   8.8719634742876433E-002  -2.1599959188277309E-002   5.3656880601696148E-002  0.44486728855959645     
  0.46000000834465027        4.8541221645893369E-002   9.1228623314434334E-002  -2.2033023954837624E-002   5.5981787020639946E-002  0.44465209158594765     
  0.44999998807907104        4.8512993500735124E-002   9.3300352979169651E-002  -2.2409211015170901E-002   5.8399266282047009E-002  0.44389545840933942     
  0.43999999761581421        4.8571644466815625E-002   9.5551732558616750E-002  -2.2914275133199862E-002   6.1014172402362017E-002  0.44404593685299332     
  0.43000000715255737        4.8606746847097461E-002   9.8212942254791574E-002  -2.3344977950140077E-002   6.4106491222407747E-002  0.44383069729964453     
  0.41999998688697815        4.8671285320204864E-002  0.10081209407349490       -2.3846593933334145E-002   6.6772314857407797E-002  0.44300629930502566     
  0.40999999642372131        4.8750115169618233E-002  0.10337056039575207       -2.4418056428257926E-002   6.9998868564222785E-002  0.44373990613244496     
  0.40000000596046448        4.8780157132670948E-002  0.10599631389817597       -2.4899723319893020E-002   7.2960249795888013E-002  0.44419217128920585     
  0.38999998569488525        4.8831706926088542E-002  0.10954014313408475       -2.5426396494865257E-002   7.6648562858072575E-002  0.44311889353602563     
  0.37999999523162842        4.8916607239639524E-002  0.11257644030481259       -2.6059772224142519E-002   8.0623861241473679E-002  0.44304063106149960     
  0.37000000476837158        4.9017512115920453E-002  0.11648025038692991       -2.6643186113712386E-002   8.4701984500287986E-002  0.44225328210858061     
  0.36000001430511475        4.8978300873030178E-002  0.11929682143098984       -2.7316081530779527E-002   8.9396115554639180E-002  0.44275328707603745     
  0.34999999403953552        4.9099020706986594E-002  0.12328377193561477       -2.7931639554475272E-002   9.4121945760359135E-002  0.44249137537192906     
  0.34000000357627869        4.9169988154175712E-002  0.12705353759096574       -2.8679649008328569E-002   9.9288301507215529E-002  0.44277541037950796     
  0.33000001311302185        4.9291303859877601E-002  0.13164682873940692       -2.9382765546006381E-002  0.10494288041793969       0.44353417683258689     
  0.31999999284744263        4.9304847266539442E-002  0.13620657747272963       -3.0129990484824062E-002  0.11170656872499461       0.44143769197168659     
  0.31000000238418579        4.9305722465485535E-002  0.14125098367722147       -3.1002974643951055E-002  0.11804271405737937       0.44051923901052470     
  0.30000001192092896        4.9474681713637877E-002  0.14691168377602190       -3.1810036755503063E-002  0.12513497353394543       0.44034322280065208     
  0.28999999165534973        4.9584327691658568E-002  0.15229972321686666       -3.2752993913650434E-002  0.13438585870664932       0.44063509039941395     
  0.28000000119209290        4.9563805601556057E-002  0.15860734570694332       -3.3698383261886983E-002  0.14287316283821550       0.43945434899914193     
  0.27000001072883606        4.9686400956266544E-002  0.16532982024318896       -3.4722418568746603E-002  0.15319407375682070       0.43896959149473025     
  0.25999999046325684        4.9770919517858732E-002  0.17258842764114143       -3.5787802949587284E-002  0.16427542686005051       0.43840743198725218     
  0.25000000000000000        4.9954159822284905E-002  0.18096576404326747       -3.6906248145803275E-002  0.17702180756159480       0.43784500042283236     
  0.23999999463558197        5.0069027335633058E-002  0.18961576265880145       -3.8107202308986836E-002  0.18971720466831907       0.43751435625061930     
  0.23000000417232513        5.0140341359960601E-002  0.20056896395097881       -3.9373997834114993E-002  0.20668826455399053       0.43430556152708699     
  0.21999999880790710        5.0150677010534953E-002  0.20867373922197138       -4.0767559417738748E-002  0.22401789144312481       0.43605637956248577     
  0.20999999344348907        5.0331158643003159E-002  0.22102363974985326       -4.2222999013790299E-002  0.24379976599360711       0.43447249656458253     
  0.20000000298023224        5.0455445045712422E-002  0.23468296687701726       -4.3809186420827297E-002  0.26755912723384734       0.43255584004531833     
  0.18999999761581421        5.0616352604082863E-002  0.24937387788366888       -4.5550559890006045E-002  0.29436277228155655       0.43165047376832555     
  0.18000000715255737        5.0692822880313348E-002  0.26529292073691352       -4.7346670721196221E-002  0.32684505711094919       0.42967233146782791     
  0.17000000178813934        5.0819766511185478E-002  0.28399228100364365       -4.9344464359744100E-002  0.36576614974280419       0.42719592979584475     
  0.15999999642372131        5.0963994163694425E-002  0.30542787019055528       -5.1545779971608065E-002  0.41008213962863305       0.42531761997535977     
  0.15000000596046448        5.1141328542733656E-002  0.33165796147428672       -5.3951031098693265E-002  0.46611454664866353       0.42106768395851346     
  0.14000000059604645        5.1206635564271422E-002  0.35838391653988039       -5.6627808173590477E-002  0.53494722559706043       0.41884015398801477     
  0.12999999523162842        5.1441814766865372E-002  0.39426535642767491       -5.9550607674671782E-002  0.62874465820440673       0.41425431625706488     
  0.11999999731779099        5.1523310374198279E-002  0.43365970756747352       -6.3032535920598556E-002  0.75986971100006540       0.40979393070010206     
  0.10999999940395355        5.1588887158982862E-002  0.48074473189483524       -6.7150264801262433E-002  0.95502983629953175       0.40498265576882575     
  0.10000000149011612        5.1560120867367241E-002  0.53719807251354368       -7.2300989005850705E-002   1.2873918396385147       0.39884667574424504     
   9.0000003576278687E-002   5.0986473731074886E-002  0.60148757919337759       -7.9707864450998173E-002   2.0490571325047395       0.38853117402943527     
   7.9999998211860657E-002   4.9015088894111020E-002  0.65129936244609532       -9.4214183505244201E-002   4.2221287673030803       0.37149899943523679     
   7.0000000298023224E-002   4.3597266193026118E-002  0.63545066837583153      -0.12179541702775487        5.5728868550209096       0.34056732084992014     
   5.9999998658895493E-002   3.7700986088890366E-002  0.59087385074565557      -0.14577161930317165        3.2295919342919479       0.31515938559501078     
   5.0000000745058060E-002   3.2477440173060999E-002  0.54434967465172146      -0.16217644806180495        2.2911084421857746       0.30613106604125984     
   3.9999999105930328E-002   2.8162195676287274E-002  0.53998704091581706      -0.17481878310762189        1.9999737831303255       0.28717025854779954     
   2.9999999329447746E-002   2.3868089200482188E-002  0.54058394115952346      -0.18556274581940060        2.2047064731051256       0.27925796256408075     
   1.9999999552965164E-002   1.8853819813270421E-002  0.52061523758088257      -0.19527907357812871        3.2461721180651213       0.27173138218009540     
   9.9999997764825821E-003   1.3212879117558075E-002  0.52835877801239961      -0.20413817343108492        9.6031490832205755       0.26403028461181366     
