 #### T #### M #### Chi #### E #### Cv #### U ##
  0.50000000000000000       0.12106609351413461        7.9823845869866128E-002  -2.2057191137107208E-002   5.1838003346589070E-002  0.45904397619103865     
  0.49000000953674316       0.12126546978735146        8.1713724200143265E-002  -2.2570587092433005E-002   5.3960007344568177E-002  0.45886579910657810     
  0.47999998927116394       0.12126654676498599        8.3944536501770042E-002  -2.2954220217258247E-002   5.6091913187218408E-002  0.45800730910157583     
  0.46999999880790710       0.12143748131046234        8.5703692698859565E-002  -2.3336511624258923E-002   5.8661462538676372E-002  0.45832891884438487     
  0.46000000834465027       0.12156424041132886        8.7722930665932994E-002  -2.3896346923968904E-002   6.0893610600486398E-002  0.45809451908135668     
  0.40000000596046448       0.12202691446130109       0.10235150771220482       -2.7015336646230497E-002   8.0173458778215245E-002  0.45658855944891485     
  0.38999998569488525       0.12223501924461476       0.10500737158113238       -2.7694015972742687E-002   8.4334290894217748E-002  0.45748127899367097     
  0.37999999523162842       0.12230885428244048       0.10842206512769809       -2.8427556946174801E-002   8.8805524261229840E-002  0.45650767079458798     
  0.37000000476837158       0.12222485828487825       0.11083983389113213       -2.8958772096022854E-002   9.3006389077419233E-002  0.45676005120059793     
  0.36000001430511475       0.12264228903688330       0.11443509255949613       -2.9675995721395478E-002   9.8130903540858239E-002  0.45756992991298473     
  0.34999999403953552       0.12279478561511270       0.11861167097663101       -3.0492833675666887E-002  0.10430749440538573       0.45612299964822900     
  0.34000000357627869       0.12283179039864252       0.12224566580217244       -3.1170550550723857E-002  0.10985447931279931       0.45624127100686029     
  0.33000001311302185       0.12296558005336401       0.12589721426669259       -3.2049361164314526E-002  0.11659984342238588       0.45678440111212326     
  0.31999999284744263       0.12321278422834391       0.13079920676662979       -3.2928752676887711E-002  0.12404887007415630       0.45579813010990233     
  0.31000000238418579       0.12333596265446356       0.13600576300497413       -3.3871442999807030E-002  0.13151246068163441       0.45464801321624881     
  0.30000001192092896       0.12349569164536103       0.14049092177580830       -3.4936711334797525E-002  0.14037676890379694       0.45529664473301856     
  0.28999999165534973       0.12365328711182184       0.14559567621887626       -3.5856505765344000E-002  0.14990937815720382       0.45456672462189052     
  0.28000000119209290       0.12391242399579090       0.15190984169467861       -3.7069611201736540E-002  0.16056401035628715       0.45478868924479721     
  0.27000001072883606       0.12404005719248384       0.15849479678587888       -3.8141147252213063E-002  0.17231122901423845       0.45284324467216730     
  0.25999999046325684       0.12424296341596062       0.16429172560397357       -3.9533446203157845E-002  0.18546529867295333       0.45461340676336370     
  0.25000000000000000       0.12433460034077225       0.17203768639491346       -4.0667299865742038E-002  0.20089202251081706       0.45254415400914128     
  0.23999999463558197       0.12457972034575669       0.18055536963072463       -4.2025237769215518E-002  0.21765130346379441       0.45178412109792065     
  0.23000000417232513       0.12480228028339299       0.19004148720797828       -4.3694468867734676E-002  0.23753337374845052       0.45048017645315319     
  0.21999999880790710       0.12480070887871125       0.19901993417309724       -4.5303575014597898E-002  0.25806729397826050       0.44989048250418773     
  0.20999999344348907       0.12522659764898136       0.21043776457999630       -4.7019068446908729E-002  0.28391125635244530       0.44924094532024117     
  0.20000000298023224       0.12545298218725651       0.22350386306782591       -4.8937811512114793E-002  0.31314859582784643       0.44649514213535280     
  0.18999999761581421       0.12561327595395291       0.23714325803927386       -5.1098467814994664E-002  0.34792598313225015       0.44507485182073470     
  0.18000000715255737       0.12566158758149129       0.25171061280296536       -5.3261256745366137E-002  0.38979867246092481       0.44371358189908949     
  0.17000000178813934       0.12566488083535654       0.26874609123309845       -5.5774434456454448E-002  0.43769847304201348       0.44160695094196711     
  0.15999999642372131       0.12602061922242602       0.28871089313370163       -5.8664647802376693E-002  0.50079566903027262       0.43928758270069379     
  0.15000000596046448       0.12597982362885463       0.31249472652312010       -6.1695942849953798E-002  0.57192547319832587       0.43537089508851334     
  0.14000000059604645       0.12577381291978298       0.33757519143342812       -6.5348402205339176E-002  0.67233098466041252       0.43086791794793211     
  0.12999999523162842       0.12565984911140574       0.36595083681149249       -6.9427964322609045E-002  0.79150440092106744       0.42859578370919782     
  0.11999999731779099       0.12517067450044447       0.40393832175064470       -7.4390922476275087E-002  0.97224499295972866       0.42032373073832285     
  0.10999999940395355       0.12410042049239568       0.44407799571633677       -8.0327519719779916E-002   1.1966182098235263       0.41286315085317093     
  0.10000000149011612       0.12234287517002136       0.49167304323509614       -8.7859211660035144E-002   1.5545412452245329       0.40040325663635412     
   9.0000003576278687E-002  0.11924024838332647       0.54632686517114815       -9.7109852252698345E-002   2.0150134330068674       0.38355292145390407     
   7.9999998211860657E-002  0.11366701242984431       0.59518983718385199      -0.11033330794421897        2.6468358628356503       0.35976769820227572     
   7.0000000298023224E-002  0.10519303567079642       0.63522796096345646      -0.12663704474826862        3.1918394833899066       0.32185723520853859     
   5.9999998658895493E-002   9.3089750134031438E-002  0.62418185854720443      -0.14558695648618142        3.1633165943428843       0.28550263218362015     
   5.0000000745058060E-002   8.1498044165553313E-002  0.59639511256481126      -0.16156412263601869        2.6027519092513107       0.26782361120717191     
   3.9999999105930328E-002   6.9869693023980384E-002  0.55727623775639068      -0.17523160556950712        2.1408969385310987       0.26557719848750838     
   2.9999999329447746E-002   5.9056825532622780E-002  0.54197917944378537      -0.18601459924149027        2.2855479298561758       0.26775272771435443     
   1.9999999552965164E-002   4.6825513171238037E-002  0.52025059193890721      -0.19583008347056954        3.3026292763384735       0.26355493605996749     
   9.9999997764825821E-003   3.3157762998001487E-002  0.54969990239544742      -0.20436679130540172        9.7919313946695290       0.24606479429643180     
