 #### T #### M #### Chi #### E #### Cv #### U ##
  0.50000000000000000       0.12099892142848752        8.0091717584964417E-002  -2.2092659003055376E-002   5.1854141897076295E-002  0.45834233154241377     
  0.49000000953674316       0.12118611443310300        8.1912720876246223E-002  -2.2519058520627393E-002   5.3932315806241089E-002  0.45836022944562715     
  0.47999998927116394       0.12127621631751349        8.3865856641959266E-002  -2.3036915976632641E-002   5.6117574982063108E-002  0.45791881436845028     
  0.46999999880790710       0.12123164647395510        8.5253149129671343E-002  -2.3461089719132664E-002   5.8409608909274435E-002  0.45909396493960009     
  0.46000000834465027       0.12151002181699358        8.7936146232775639E-002  -2.3882768887377403E-002   6.0830714614034220E-002  0.45775157731977700     
  0.44999998807907104       0.12155126090603742        8.9600635240982510E-002  -2.4347683758734487E-002   6.3748599778034390E-002  0.45835493098714741     
  0.43999999761581421       0.12166053648548505        9.1949754618317253E-002  -2.4905539650544276E-002   6.6470793387366209E-002  0.45796019833588020     
  0.43000000715255737       0.12174664999836715        9.4362247003108829E-002  -2.5388997835883029E-002   6.9376849321067788E-002  0.45741472928435700     
  0.41999998688697815       0.12185471421275627        9.6461237871024647E-002  -2.5869902925431849E-002   7.3100889565124602E-002  0.45857800529616000     
  0.40999999642372131       0.12197882105275761        9.9455554892223533E-002  -2.6423909833905659E-002   7.6433967458162499E-002  0.45718545007791844     
  0.40000000596046448       0.12230800170036986       0.10229861110069853       -2.7201386697672362E-002   8.0049948239712523E-002  0.45819616287951159     
  0.38999998569488525       0.12220294319581672       0.10500644226207315       -2.7729328227266457E-002   8.4262354213078761E-002  0.45737601994944621     
  0.37999999523162842       0.12245747819454549       0.10829125543450635       -2.8233563110677228E-002   8.7990271122343824E-002  0.45712371277779851     
  0.37000000476837158       0.12249285291980588       0.11161903039747066       -2.8918925872384101E-002   9.3403585956746735E-002  0.45633848183797254     
  0.36000001430511475       0.12257899100153602       0.11454946477904721       -2.9723220450170076E-002   9.8005107044651124E-002  0.45723834098363825     
  0.34999999403953552       0.12283026109525150       0.11828605553369921       -3.0424038681850417E-002  0.10359600093438939       0.45710612182391352     
  0.34000000357627869       0.12300461390318082       0.12251686858963243       -3.1279255589485508E-002  0.11030956691456001       0.45610572224851031     
  0.33000001311302185       0.12307986827852857       0.12620050176929662       -3.2117669699623985E-002  0.11678543028116715       0.45674552945224489     
  0.31999999284744263       0.12347144198258546       0.13111510137372825       -3.3001116604460451E-002  0.12372565669968630       0.45613880100138537     
  0.31000000238418579       0.12330911836136321       0.13520469868872814       -3.3818401427060364E-002  0.13233904245537792       0.45584249150042710     
  0.30000001192092896       0.12355699577584496       0.14053265631228667       -3.4892206145008188E-002  0.14023366132963797       0.45533192985937454     
  0.28999999165534973       0.12358081803670729       0.14601699875125460       -3.5852648679316451E-002  0.15004921867228305       0.45428511532876004     
  0.28000000119209290       0.12399912690873495       0.15189767361005871       -3.6972616565572311E-002  0.16008516127383512       0.45445044784235855     
  0.27000001072883606       0.12402484921951386       0.15855136375126141       -3.8065586704189615E-002  0.17217646541333895       0.45302480427871827     
  0.25999999046325684       0.12427212821946659       0.16549837215490221       -3.9334293977222927E-002  0.18571146349201217       0.45320072214239371     
  0.25000000000000000       0.12447734806827064       0.17255299447137873       -4.0658762909420901E-002  0.20075403468934211       0.45313223777311784     
  0.23999999463558197       0.12470343667260092       0.18121723511184792       -4.2037152019645370E-002  0.21799346261022162       0.45102318606018132     
  0.23000000417232513       0.12485671990093618       0.19012917826548437       -4.3499743905253220E-002  0.23614179008195352       0.45087106776137831     
  0.21999999880790710       0.12503618690316387       0.19972602589214500       -4.5316965054000458E-002  0.25897761206584718       0.45032058019585308     
  0.20999999344348907       0.12503712901136727       0.21063404290804352       -4.7063185303657135E-002  0.28443837135527900       0.44818957106556501     
  0.20000000298023224       0.12530996588545557       0.22250517320822824       -4.8844126425257033E-002  0.31398493440712694       0.44707683574682211     
  0.18999999761581421       0.12545702146641913       0.23593651449117314       -5.1029255824918282E-002  0.34871040605756293       0.44595589602960817     
  0.18000000715255737       0.12577815353358252       0.25148723895429792       -5.3516248198709225E-002  0.39032009450762972       0.44442212083865773     
  0.17000000178813934       0.12577740733452308       0.26833835811033763       -5.5861278226536283E-002  0.43858631218550193       0.44226490284448550     
  0.15999999642372131       0.12576098072097114       0.28891597517019529       -5.8539416822903222E-002  0.49799475091313028       0.43774445955396146     
  0.15000000596046448       0.12585034428604802       0.31175840831794727       -6.1801865155363754E-002  0.57348255577535356       0.43476712426320441     
  0.14000000059604645       0.12600980353542177       0.33835735759210916       -6.5213742755708168E-002  0.66698976154289102       0.43155323064599183     
  0.12999999523162842       0.12557142766626914       0.36898848279264573       -6.9555813286220014E-002  0.79488235011807251       0.42562159880463979     
  0.11999999731779099       0.12525753208017004       0.40306302168289282       -7.4312348863591934E-002  0.96340712492774694       0.42089229343970480     
  0.10999999940395355       0.12412605811334014       0.44604251675043466       -8.0512902522359278E-002   1.2092935928469395       0.41031871085241778     
  0.10000000149011612       0.12229679703253606       0.49097150608403861       -8.7581886630157951E-002   1.5327746052384374       0.40113512530217166     
   9.0000003576278687E-002  0.11921605241755334       0.54817186593875988       -9.7566541485843955E-002   2.0225426447909847       0.38025891626313013     
   7.9999998211860657E-002  0.11418977469454215       0.60157897968882879      -0.11000948293804866        2.6659071009597040       0.35966646379074418     
   7.0000000298023224E-002  0.10486319750282057       0.63246147592705126      -0.12676480913377469        3.2019416975649939       0.31968304548427728     
   5.9999998658895493E-002   9.3229643569136336E-002  0.62740855881555246      -0.14531602515804459        3.1481442670658200       0.28612338536148307     
   5.0000000745058060E-002   8.2464833585420505E-002  0.60893645318488654      -0.16164119098070548        2.5701233053260411       0.27292000559416951     
   3.9999999105930328E-002   7.0007621835101300E-002  0.56445746335236990      -0.17513193130990820        2.1853513933973585       0.25748768071458417     
   2.9999999329447746E-002   5.8829039778048854E-002  0.54425444785155419      -0.18617397504362165        2.2447143643757190       0.25877017187263007     
   1.9999999552965164E-002   4.7305589070788551E-002  0.53270074252030031      -0.19560874916259427        3.3147221089131369       0.26522438676803217     
   9.9999997764825821E-003   3.2917953974728263E-002  0.53270106640009751      -0.20437031429747238        9.6793716363263460       0.25655118174502278     
