           1           1  0.19526206549181932       0.45399850321637453       -7.5882045683811364E-002
           1           2  -3.4777737678982665E-002 -0.24049042996381187      -0.43698382356530402     
           1           3 -0.25429345819211030       0.29356286144802013      -0.31488995458596009     
           1           4 -0.44365255346678667       0.18176804222953480       0.14189006528450834     
           2           1 -0.26594596858231878       0.24216108733587149      -0.34731937690707776     
           2           2 -0.30577474126007514       0.25573947970316180       0.30182631781952052     
           2           3   3.9080836163780559E-002  0.43616440231122244      -0.24131577321268047     
           2           4 -0.31570005787083683      -0.17039871765654668       0.34827826587565691     
           3           1 -0.23706334467097520      -0.40892294934938633      -0.16304291492981113     
           3           2  0.24134750102251090       0.43689790883568846       -2.9522889512910620E-002
           3           3 -0.48013537824393765        2.5328773439100637E-002 -0.13721687867978069     
           3           4   8.0296999088635496E-002  0.48434419204379042        9.4673626585272022E-002
           4           1 -0.24218721088331169       -3.4743807330063843E-003  0.43741660183752107     
           4           2  0.37200201430689389       -9.4572689611641503E-002  0.32042238955983338     
           4           3  0.26774779033368795      -0.15148934187005364      -0.39415999298661136     
           4           4 -0.44694925164553817       -7.3834614242242386E-002 -0.21162423347337295     
