 ## t ## i ## j ## S_x ## S_y ## S_z ##
   9.9999997764825821E-003           1           1  0.28144034293976994      -0.38065804267013392      -0.16090614629804290     
   9.9999997764825821E-003           1           2 -0.39653531586779217       0.29331555944782872       -8.2010522833582580E-002
   9.9999997764825821E-003           1           3  0.34253658443473434      -0.36332617899027392        2.5744435983597574E-002
   9.9999997764825821E-003           1           4 -0.28324630480317409       0.41104942735244232       -2.8458726053297759E-002
   9.9999997764825821E-003           2           1  0.21556612670255762      -0.45084468017655338       -1.6441392123483806E-002
   9.9999997764825821E-003           2           2 -0.39749621411005204       0.29698960657995488       -6.1594913358647557E-002
   9.9999997764825821E-003           2           3  0.35709511008990069      -0.34213568139602724       -7.3663137766170630E-002
   9.9999997764825821E-003           2           4 -0.33599819148719773       0.37024592434078413       -4.8136084563179761E-003
   9.9999997764825821E-003           3           1  0.19555214091250808      -0.45546280187234717       -6.5673406300614509E-002
   9.9999997764825821E-003           3           2 -0.40311082189199843       0.26539369679615527      -0.13064398560373122     
   9.9999997764825821E-003           3           3  0.29676907877820469      -0.40054091233931799        3.8666412084941384E-002
   9.9999997764825821E-003           3           4 -0.23594599746992265       0.43090443922712990        9.3009948566139852E-002
   9.9999997764825821E-003           4           1  0.28598722266037896      -0.40069850092303960       -8.7475824277520584E-002
   9.9999997764825821E-003           4           2 -0.40648003431002105       0.29114557472517244        2.8698476045102583E-003
   9.9999997764825821E-003           4           3  0.37505895233172781      -0.31078624668296190       0.11288352912867286     
   9.9999997764825821E-003           4           4 -0.27575472898513831       0.41331887463089523       -5.5918130478255661E-002
