 #### T #### M #### Chi #### E #### Cv #### U ##
  0.50000000000000000        9.8080274954460735E-003   3.0820975799688267E-002  -1.1564730419482883       0.59847558378667287       0.44499005500207656     
  0.49000000953674316        9.7509572372925426E-003   3.1078211227062637E-002  -1.1594894039826482       0.61771420320022008       0.44459141063607133     
  0.47999998927116394        9.7001647519597643E-003   3.1453266574122042E-002  -1.1625711700803369       0.62611438913688089       0.44385344509608693     
  0.46999999880790710        9.6635797690506290E-003   3.1815946578935501E-002  -1.1656500305211863       0.64481226085595522       0.44419868148511521     
  0.46000000834465027        9.5885839130301354E-003   3.2075539976880001E-002  -1.1686435487473306       0.66353802247482274       0.44350872787353668     
  0.44999998807907104        9.5432404827784385E-003   3.2529479265750665E-002  -1.1717600883097339       0.67825355467462989       0.44364189021700340     
  0.43999999761581421        9.4977835874268564E-003   3.2974533348473146E-002  -1.1747990714306655       0.69670067206852959       0.44369407629128144     
  0.43000000715255737        9.4401321591366383E-003   3.3289407673688057E-002  -1.1778430283232393       0.71342139166892038       0.44303428805318035     
  0.41999998688697815        9.3943643214256470E-003   3.3667084107580826E-002  -1.1808498986990779       0.73105701278883317       0.44484713601030745     
  0.40999999642372131        9.3454575296130372E-003   3.4153454953950411E-002  -1.1838271826893756       0.75426016603499502       0.44389298832939039     
  0.40000000596046448        9.2906272523045931E-003   3.4465790818203418E-002  -1.1868411153548437       0.78193710458366927       0.44491182372626614     
  0.38999998569488525        9.2353626833154272E-003   3.5126354329143489E-002  -1.1897028963440681       0.80262371371527197       0.44260564792683454     
  0.37999999523162842        9.1975425771863555E-003   3.5591891178634712E-002  -1.1925682920815812       0.83367724851236014       0.44482828775958139     
  0.37000000476837158        9.1463809577364448E-003   3.6407933387762485E-002  -1.1955483814018788       0.86827101343820201       0.44286815156822568     
  0.36000001430511475        9.0998038591472499E-003   3.6913850167438367E-002  -1.1983144572527042       0.89521620385789968       0.44403314310304187     
  0.34999999403953552        9.0421996668742701E-003   3.7478548555070351E-002  -1.2011459932422290       0.92524394627807161       0.44372843897473402     
  0.34000000357627869        8.9924453668821548E-003   3.8120188269359076E-002  -1.2039902995690259       0.97186539000962491       0.44380046123460937     
  0.33000001311302185        8.9394593479098800E-003   3.8877127569289210E-002  -1.2067890372454149        1.0099950670875224       0.44358132183226462     
  0.31999999284744263        8.8991842830018208E-003   3.9720669912303580E-002  -1.2094251312631714        1.0533538448277295       0.44409305583577141     
  0.31000000238418579        8.8533113030021208E-003   4.0612023916832656E-002  -1.2121003534168486        1.1085565729850877       0.44436656930505591     
  0.30000001192092896        8.8136704343090601E-003   4.1771868306545022E-002  -1.2147292566612746        1.1630879933576441       0.44253846465792934     
  0.28999999165534973        8.7726628929655770E-003   4.2574047257627756E-002  -1.2172227529979629        1.2113738254682800       0.44447730910495697     
  0.28000000119209290        8.7115177690010367E-003   4.3630822974686123E-002  -1.2198455430091972        1.2983499854006697       0.44353465360784117     
  0.27000001072883606        8.6692675817355101E-003   4.4798624383322307E-002  -1.2222562561646069        1.3602425387792776       0.44333348467888978     
  0.25999999046325684        8.6472625275141393E-003   4.6341219569508076E-002  -1.2247885699753644        1.4545960481184990       0.44329649556578332     
  0.25000000000000000        8.6007834916515379E-003   4.7546794588868360E-002  -1.2270796880414183        1.5413461493700709       0.44346564491747165     
  0.23999999463558197        8.5694312663997328E-003   4.9436260050042667E-002  -1.2293301974718795        1.6575537355887384       0.44178642603228291     
  0.23000000417232513        8.5331193313124762E-003   5.0924848231743827E-002  -1.2316847285693278        1.7843227061683500       0.44350712109127888     
  0.21999999880790710        8.4795757076991940E-003   5.2602720893542336E-002  -1.2337699973277192        1.9282149943757820       0.44316983984782043     
  0.20999999344348907        8.4399060786999238E-003   5.4739059217724435E-002  -1.2359274757362475        2.0830972932600846       0.44256689093484447     
  0.20000000298023224        8.4085440545915349E-003   5.6911600924743719E-002  -1.2379959741539526        2.2730935461774506       0.44353637434453830     
  0.18999999761581421        8.3836485314399151E-003   5.9426379648103503E-002  -1.2398707125359736        2.4838249288342569       0.44377988873415231     
  0.18000000715255737        8.3493267778818915E-003   6.2665560143713619E-002  -1.2417459333874632        2.7526356684235096       0.44176108754559251     
  0.17000000178813934        8.3241606594718805E-003   6.5728635114337214E-002  -1.2435959209988676        3.0578419863277326       0.44249927786830656     
  0.15999999642372131        8.3095522453086219E-003   6.9689519495072294E-002  -1.2453284417745700        3.4009302781612143       0.44185769507795580     
  0.15000000596046448        8.2670507352457928E-003   7.3492199849932313E-002  -1.2468425329942006        3.8515493609995755       0.44216407117443857     
  0.14000000059604645        8.2514969183165761E-003   7.8241921113338067E-002  -1.2485328293280096        4.3380396919458164       0.44263083459188646     
  0.12999999523162842        8.2358569700439685E-003   8.4424944440719796E-002  -1.2498068423591642        5.0322871945189513       0.44108978030563772     
  0.11999999731779099        8.2135524007040522E-003   9.0900816865103790E-002  -1.2510949897390293        5.9475927081045334       0.44127288230159767     
  0.10999999940395355        8.2006116200059875E-003   9.8681874554331486E-002  -1.2523807256058337        6.9521448374797608       0.44221031232299490     
  0.10000000149011612        8.1842835419179815E-003  0.10796215626332124       -1.2535018768996078        8.4395906806283403       0.44256048220194588     
   9.0000003576278687E-002   8.1594042040004939E-003  0.11996680055374806       -1.2545474566127954        10.343686192624117       0.44067865014422225     
   7.9999998211860657E-002   8.1710542565054025E-003  0.13436467751690950       -1.2554235261296474        13.148028357851995       0.44280310573963888     
   7.0000000298023224E-002   8.1563677423226993E-003  0.15408681836612603       -1.2561535029530522        16.953581525356732       0.44101537104220867     
   5.9999998658895493E-002   8.1592651186011590E-003  0.17935745746430662       -1.2569583110440941        23.020369036311195       0.44156038754368376     
   5.0000000745058060E-002   8.1522642590562445E-003  0.21532509524348575       -1.2575946619522613        33.432723099519244       0.44055851526595258     
   3.9999999105930328E-002   8.1637645833378958E-003  0.27005068898785584       -1.2573672104098421        52.946551156934603       0.44133923143596554     
   2.9999999329447746E-002   8.1886876895679583E-003  0.36204261917027086       -1.2572305634649876        96.455295646395044       0.44029258478031230     
   1.9999999552965164E-002   8.1913559719541795E-003  0.54225371449520821       -1.2577534282359599        214.72106935328765       0.44102353733615607     
   9.9999997764825821E-003   8.2185264620200493E-003   1.0940274971958583       -1.2573673442784745        871.31585626566425       0.44096895155701354     
