           1           1  0.87269670190464221       0.48069209226239357        8.5647994262344165E-002
           1           2  0.10074867186556385       0.99304627707788717       -6.0899890796889303E-002
           1           3  0.44257363622662110      -0.81380363544290857       0.37663273816418558     
           1           4  0.25969830694260343       0.57623787691824702       0.77492367274196527     
           1           5 -0.43333620878714041      -0.39365800034433934      -0.81071148315469410     
           1           6  0.67945694438538318        2.0024965907472384E-002 -0.73344206415154767     
           1           7  0.84743031804294611      -0.22082727434663837      -0.48280137838066056     
           1           8 -0.66984892406838570       -9.2065167819248214E-002  0.73676755072331979     
           1           9 -0.75338403346173854       0.64499734682298315       0.12802703119355016     
           1          10 -0.38265448229986787       0.91949895074832044       -8.9984591728573149E-002
           1          11  0.39372836345394990      -0.86677091782950688       0.30608193644328074     
           1          12  0.63213742449399868       0.27846253358706063       0.72309120720858533     
           1          13 -0.31666052845977033      -0.74117237258676449       0.59193717895540687     
           1          14  0.13081646294484192      -0.19026831538934705      -0.97297740013913003     
           1          15  0.49494014181945700       0.58592627394360897      -0.64165774172707890     
           1          16  0.52121458303329882      -0.17411436483825060       0.83547564081210468     
           1          17  0.54524354630807637       0.45272497448866073       0.70551369418575716     
           1          18  0.70606729273125457      -0.48977101537581619       0.51146195423794616     
           1          19  0.86004768378059127       0.38751373403707656       0.33189017393752701     
           1          20  0.39621632651971028       -9.4893291243523786E-003 -0.91810815007383306     
           1          21  -5.0633126856266357E-002 -0.47533982927619461      -0.87834408586181956     
           1          22  0.30273683473824048       0.89903476737559185      -0.31636513073122768     
           1          23  0.54592224095872788       0.31161293937620221      -0.77773149790909468     
           1          24 -0.56904133624992581      -0.78234238328785366       0.25324366319886477     
           1          25  0.50776649751762548       0.83558011719862801      -0.20971183023618475     
           1          26  0.82413447968269393       0.49892441300814455       0.26809846978790042     
           1          27 -0.71254771528625294       0.67172057814240027      -0.20265048319799450     
           1          28 -0.21144351088953492       0.44768435740116336       0.86883275596688603     
           1          29 -0.74932549976229457       -6.7282883692681705E-002  0.65877485453528406     
           1          30 -0.39115058447144435       0.21759965064498737      -0.89423241515102037     
           2           1 -0.92484146221539953       -6.8733621898423095E-002 -0.37409084322929670     
           2           2  0.88653232510920810      -0.43323772621579310      -0.16237459505671120     
           2           3  0.75324740085902375      -0.46272954583106962       0.46743953674683680     
           2           4  0.85480417495521432       0.38945723457441517      -0.34297650782055655     
           2           5 -0.34803017849785195      -0.75036952555199299       0.56197915439776791     
           2           6 -0.23266206026617506      -0.96989547506954632       -7.1910591377888522E-002
           2           7 -0.96571501021810346       0.17082872226885107      -0.19547906969146320     
           2           8  0.11709584973342958      -0.96129747128301923      -0.24939072492793074     
           2           9  0.99511701806425856       -2.9223996542937884E-003  -9.8658907044212665E-002
           2          10 -0.66511006667161598       0.19195407809694692      -0.72165243096246112     
           2          11 -0.96009745538599756       0.10098250819280610      -0.26079764032755792     
           2          12 -0.74381013913620009       0.35675143004804877       0.56522110193875363     
           2          13  -4.0450721563746544E-002 -0.60767835320051389      -0.79315241799825820     
           2          14  0.83226432737433920       0.26151069053198250      -0.48882333016911567     
           2          15  0.18341421889372331       0.54105733594301020      -0.82074124030041162     
           2          16 -0.89248785560667621      -0.41968716096336400      -0.16531217292476713     
           2          17  0.61885760966638237      -0.18179165468810429      -0.76417737027719723     
           2          18 -0.97446434454656772       -2.5558259534426531E-002  0.22308298137015969     
           2          19 -0.92098420719221941       0.32461333888801186      -0.21543971388417640     
           2          20 -0.38815067015279764      -0.90687654684152197       0.16405482635000629     
           2          21  -6.4911102388619607E-002  0.26240172016517882      -0.96277301896191991     
           2          22 -0.98374892906583944       0.16348755824293423       -7.4228450486165887E-002
           2          23 -0.71324161872607605      -0.12560688007712492      -0.68957182729161548     
           2          24  0.77643719486624097      -0.62870083029213486        4.3365290477791016E-002
           2          25 -0.99482524848656773        6.2750923821234608E-002  -7.9906486177408267E-002
           2          26 -0.75813148100169958      -0.56092879638506488      -0.33255908181881311     
           2          27  0.35692355433004624       0.69304077325877866       0.62633861685615444     
           2          28 -0.14389454648963970      -0.27294531827124474      -0.95120723962990827     
           2          29 -0.13801659250644999      -0.43226365676367234      -0.89112263535060454     
           2          30  0.48023133515617261      -0.68599966095946918      -0.54660985162875830     
           3           1 -0.85380459567735500      -0.43751577354286292      -0.28213057314197365     
           3           2  0.71424822026406587       0.38747614097215566       0.58284793902607257     
           3           3 -0.92369448011539479      -0.35815495573305262       0.13606445196378672     
           3           4  0.37810691024896648        9.0742481331622174E-002 -0.92130394903297808     
           3           5 -0.46927620872525860       0.80076893945019645      -0.37222163496531863     
           3           6 -0.28168682288310465       0.17902718449206895      -0.94265677795625336     
           3           7 -0.25148936279461215       0.87918710772744690      -0.40470128490901341     
           3           8  -8.1860536444357743E-002 -0.37000698298439921      -0.92541541218839907     
           3           9 -0.97160193721241506       0.17729411262003320       0.15670505172251836     
           3          10  0.73978011071968175       -1.6558648487752192E-002 -0.67264492783625041     
           3          11  0.54693867926884721      -0.57401059381120212       0.60940127938178823     
           3          12 -0.32950474184447132        6.9699176246699093E-002 -0.94157774502827962     
           3          13  0.55474177202066466       0.15931690032978135       0.81662702113307728     
           3          14  -7.1086862632249767E-002  0.87307701561787399       0.48237245232381415     
           3          15 -0.10798819693186765       0.58932166072512948      -0.80064881784936126     
           3          16 -0.57281707607146959      -0.46291179453865450      -0.67645640497960746     
           3          17  0.24424791284838268       0.79260128476247205      -0.55868252206605462     
           3          18  0.55495743664887376      -0.63299175410905584      -0.53976261702534745     
           3          19 -0.98978465649153258       -6.0077237658705610E-002 -0.12929446735741773     
           3          20   4.1539984184352251E-002  0.89365465355959617       0.44682859116806967     
           3          21  0.67655968664434873       0.67950376077932040       0.28379857204443576     
           3          22  0.21996850869643525       0.78234397577488379      -0.58271069901848749     
           3          23  0.19576219118585125      -0.78906564159207526       0.58228221487608645     
           3          24  0.10339335358725844       0.90814619129660590      -0.40568498822047711     
           3          25 -0.94399429419896164      -0.32815934210102582       -3.4441525977027473E-002
           3          26  0.64103573226629795       0.75624271428281542       0.13103490776114263     
           3          27 -0.31502864583163492      -0.86344947210822398       0.39396949300867923     
           3          28 -0.75445122133585618      -0.46499733933668186      -0.46322870057309884     
           3          29 -0.38582070184852302       0.83843220483994907       0.38493353181079831     
           3          30 -0.41329096214719568      -0.37253430535476173      -0.83090840165525492     
           4           1 -0.81589541134544241      -0.37398223879130871       0.44096707679155800     
           4           2 -0.64304874077475982       0.67077416372944088      -0.36952718203274981     
           4           3  0.66121638329955490      -0.74987430684038037       -2.1941248754686827E-002
           4           4  0.21622880884801984      -0.90999255178648075      -0.35377769561872552     
           4           5 -0.11988413889037502       0.49815500252628486       0.85876037792887860     
           4           6  0.58774020402080918      -0.56336923059204580       0.58066906461400536     
           4           7  0.41579680070634312      -0.49398061231262363      -0.76360734358806093     
           4           8  0.31484594740731991      -0.71194216418982503       0.62770246474734770     
           4           9 -0.46539539208946595      -0.37470702616984081       0.80187391375505324     
           4          10 -0.31752548771122413       0.70126184419547410      -0.63828629197979148     
           4          11   7.7339882797543447E-002  0.46017103756205124       0.88445528927014028     
           4          12  0.23660449933519986       0.74237575207237838      -0.62681460865977756     
           4          13  0.28489201467522318       0.69839269982520003      -0.65657000906617757     
           4          14 -0.62690591408530072       0.75554204052598795      -0.19011890985038785     
           4          15  0.64437550447473269      -0.37558918056149082      -0.66611783993380758     
           4          16 -0.29585435321252102       0.33000392669167328      -0.89641932713059991     
           4          17  0.50454416321818074       0.76880871942841178      -0.39289736610635545     
           4          18   5.3039197580097147E-003 -0.36235003758040235       0.93202699462015670     
           4          19 -0.31449576607796970       0.47053964212381533      -0.82443002026189149     
           4          20  0.10871063554703832      -0.54571726761993178      -0.83088787543229603     
           4          21  0.98230872605337649       -6.9292048524798991E-002 -0.17397752363632932     
           4          22  0.30396722900796708       0.12852246173488691       0.94397346388488201     
           4          23  0.47697202792423771       0.87047414008322399       0.12154199284285251     
           4          24 -0.88130737024950345      -0.13314835367384534       0.45339699498105318     
           4          25  0.62131743378159443      -0.18688872183208238      -0.76094497312947962     
           4          26  0.97828405772274862       0.20541102432414701       -2.7687785964544517E-002
           4          27  0.34184903568173008       0.62982646462987202      -0.69746531186526239     
           4          28  -8.8169380887804946E-002  0.86050710178069767       0.50175062337663834     
           4          29  0.17834769730195618       0.53871600523251684       0.82339368747483643     
           4          30  0.73045698180781771       0.14393369080189219      -0.66761942031396804     
           5           1 -0.36436363301948183      -0.19689719481856002      -0.91020362425417001     
           5           2  0.98970343794762561       -6.7086112804462972E-002  0.12643796258812962     
           5           3  0.80939515121816896       0.57533231490299785       0.11778037448095890     
           5           4  -8.8293953542270320E-002 -0.97970360706419790      -0.17995838428168690     
           5           5  -5.5042564576498740E-002 -0.95177928116291921       0.30180542744264688     
           5           6  0.18348920733685004       0.90621739957275627       0.38092221712901697     
           5           7 -0.94053400658130382       0.30395941435864482       0.15167220209013099     
           5           8 -0.56691689529466194       0.13101191619318850       0.81329029973610911     
           5           9 -0.51453113809641038       0.57757912544904522       0.63376656725858349     
           5          10 -0.56018905105355321       0.27147432873598315       0.78261734961414375     
           5          11 -0.37000120540628201      -0.92778115722697319       -4.8179168656969563E-002
           5          12  0.90269549268207927      -0.18531301249926754      -0.38832967294542975     
           5          13  0.67778992982543140       0.73491607969654871        2.2342041775377172E-002
           5          14 -0.52136686838914159       0.68070511260474131      -0.51460386533708224     
           5          15  -4.2618070221859747E-002 -0.72182345351606680      -0.69076378165383223     
           5          16  0.68798460826798391      -0.69862030445403478       0.19648625649368107     
           5          17  -9.0032975413580421E-003   6.0665302006637466E-002  0.99811755909102473     
           5          18  0.99996621140073916       -1.2830329555527948E-003  -8.1197218725282266E-003
           5          19 -0.36621186599827793      -0.41857048337777841      -0.83107618161450891     
           5          20  0.22869792958141907      -0.30316839537384910      -0.92508712079004629     
           5          21  0.47473696547616828      -0.86666598876759904       0.15334561462252261     
           5          22 -0.54736875321458145       0.76073653415504672       0.34880850563895677     
           5          23 -0.98736119098515573      -0.15331048309577672        4.0171809883479959E-002
           5          24  0.89652904622469243        7.0080628398141956E-002 -0.43740641833284155     
           5          25 -0.54707135040593213       0.67693789375547886      -0.49241042389751050     
           5          26 -0.32202854250690333       0.58288434150204105       0.74601840610176073     
           5          27  0.24260346957996437       0.77043467113088315      -0.58955404677367051     
           5          28  0.17780509995025559       0.29643731817375363      -0.93835508355080188     
           5          29 -0.55710015974706195       0.82842463220114293       -5.7896811416511533E-002
           5          30 -0.27444356883006554       0.85469711478383870       0.44065130149359449     
           6           1 -0.66339816138738739       0.72056699623823806       0.20170791605694838     
           6           2 -0.49166758090310203       0.28500754965826092      -0.82282056763712808     
           6           3  0.54105465858807666      -0.42137753473370626       0.72780548887864538     
           6           4   2.5476700030852478E-002 -0.75428026599144848       0.65605809048544450     
           6           5  0.99304536023419454       0.10618453338607757        5.0850343036402262E-002
           6           6 -0.46132355095321320      -0.78343432788428102       0.41642674653343636     
           6           7  0.49731008169887009      -0.27366630816203746       0.82327968177140387     
           6           8  0.81976474741700267       0.48115276161793230      -0.31060872312247578     
           6           9 -0.53685509141876342      -0.27752890724956175      -0.79672097779499651     
           6          10  0.78329707813843252      -0.39158706410787764      -0.48280975404725129     
           6          11  0.14041643011988847      -0.37149557790762011      -0.91775501183456898     
           6          12 -0.86438187455522009       -7.7725761227606480E-002 -0.49679239223441490     
           6          13  -5.5702775166848316E-002  0.62562013341989753      -0.77813665220087214     
           6          14 -0.41864596828708522      -0.85635337429101199      -0.30231515274191378     
           6          15 -0.21751821753679992      -0.90846538913261410       0.35689839140537100     
           6          16   8.0590639260944272E-002  0.76159750610247112       0.64301974119151950     
           6          17   9.6474555708288598E-002 -0.80771735718708826       0.58162301450303189     
           6          18 -0.92522855183554908       0.37862176377287432        2.4447635178283494E-002
           6          19 -0.43788708759871736       0.55361248489354364       0.70835592401299863     
           6          20 -0.34742731714073416       0.82049698932712012       0.45395919399162260     
           6          21  0.47147382674174310       0.78211795799065120      -0.40743579921998851     
           6          22  0.98790073231630493       0.13260435016579811       -8.0425303269648502E-002
           6          23  0.35343404973397757       0.75446421121161145       0.55305345717162013     
           6          24 -0.53227448946123568      -0.65955788026683315      -0.53072334643079599     
           6          25 -0.18561142616505980       0.16490106495524556       0.96868779142384076     
           6          26 -0.87097915199292619      -0.30536118456886518       0.38490240808857346     
           6          27 -0.76198459222885695      -0.44637118316638785       0.46918253169151725     
           6          28 -0.77583640738942694      -0.11946570600443573      -0.61952063247153355     
           6          29 -0.61781641066794313      -0.56935244119177908      -0.54234737983910397     
           6          30  0.35990806846946477      -0.62833095492595825      -0.68968572069632739     
           7           1  0.53337437202058013      -0.76866942041328545       0.35307095801432825     
           7           2 -0.69145304658988260       0.70882890217232264      -0.13947857113818440     
           7           3  0.19544617014580890       0.36213813070923179      -0.91140373537843200     
           7           4  0.95742318170508034      -0.15847310188587352       0.24130297783572863     
           7           5  0.86079535261060758       -3.0259692633771085E-002 -0.50805089501514455     
           7           6  0.39228673725365509      -0.23245045994792332       0.88998758387119126     
           7           7 -0.38328063653615541       0.90314822740488210       0.19344051538356427     
           7           8 -0.47262682050006760       0.82086376437514663      -0.32063463456067959     
           7           9  0.37046403710891257       0.67105077836616167      -0.64222056185015974     
           7          10  -4.6879198521059602E-002  0.82848747196313277       0.55804197830105973     
           7          11 -0.65615506220514297       0.62712799062571112       0.41972731352191389     
           7          12  0.15314734790153475       0.92920892370013985       0.33632821164266608     
           7          13  0.54863454073905649      -0.78123652132470223       0.29777447583116073     
           7          14 -0.89576584072691234      -0.33758256682008897       0.28920852194561658     
           7          15  0.98805797396092532      -0.10997988550490718       0.10791600843507351     
           7          16 -0.23609253386685003      -0.86809724070526373      -0.43665489363138676     
           7          17 -0.22394928958946125       0.54965240920012115      -0.80481609374619134     
           7          18 -0.27909177612456115       0.38086691766656694       0.88150335877227737     
           7          19 -0.20851310034264151       0.95478084513817829       0.21193353850376204     
           7          20  0.64043911665354103       -5.0863218325370111E-003 -0.76799210099469639     
           7          21 -0.79696248615437915      -0.58856230228582207       0.13581315102243885     
           7          22  0.76768195760197955       0.63936595406795316       -4.3308067968549871E-002
           7          23  -3.6397732050336112E-002  0.12772498428235921      -0.99114153050493403     
           7          24 -0.54100321518116068       0.73211240746004591      -0.41391659063959091     
           7          25   2.7680191131937292E-003   7.1785036125849092E-002 -0.99741628553909201     
           7          26  0.95069388835206337      -0.18104077989044123      -0.25180422289289611     
           7          27  0.36016397256502736       0.23537836424516900      -0.90270645201607302     
           7          28 -0.43953625452336520       0.14126149310627881       0.88704738967259034     
           7          29 -0.17451086068403512      -0.98454222244345424        1.4918838072081253E-002
           7          30  0.76864350107475321       0.12795054588446977      -0.62675021026196076     
           8           1  0.25763874400885872      -0.10162985031805286       0.96088170505524140     
           8           2  -9.3389135534262466E-002 -0.98702184159125217      -0.13063825468053494     
           8           3  0.74921062386565751       0.31790317395849577      -0.58105164406784593     
           8           4 -0.41509984595134963      -0.38798240448485555      -0.82289839694904976     
           8           5 -0.32061272068676622      -0.22906475995005712       0.91909565284732597     
           8           6 -0.10867324724909373       0.97188109142125190      -0.20889535531019715     
           8           7 -0.30017752471514325       0.18928093344170624       0.93491506667254320     
           8           8  0.67799985521424400       0.59516475695903326      -0.43138742263000535     
           8           9  0.22026598885005330      -0.20278924907997675       0.95412756726419312     
           8          10  -1.1808266143829810E-002 -0.97599216807723321       0.21748529307191838     
           8          11 -0.81234015871367649      -0.17699586197489645      -0.55567610294559389     
           8          12  0.31292932932727091      -0.91222306301314182       0.26443206718116852     
           8          13  0.95231516434404206      -0.12444591072085516      -0.27858399642699727     
           8          14  0.85532912775200931        9.6676081614319079E-002  0.50898508668004061     
           8          15  0.86595661418212799      -0.48592765848224867       0.11829392662425296     
           8          16  0.92394192352251603      -0.14938643101135599       0.35215765814078576     
           8          17 -0.74351396481712240      -0.64108567615192236       0.19025283166028170     
           8          18 -0.66138457657977379       -2.7875040974496054E-002 -0.74952880128322186     
           8          19  0.49945525452893125      -0.21946113629738856       0.83808189240580755     
           8          20  0.10223903628195814      -0.17753983633338649      -0.97878842758527274     
           8          21  0.22085987283269229       0.86705199226712826       0.44658902726996191     
           8          22  0.43529071923716206        5.8767152220540906E-003  0.90027076702744990     
           8          23  0.35508540415957934       0.86536445635392645      -0.35363641417719083     
           8          24 -0.81109050515761671      -0.40990096504471485      -0.41726896757196497     
           8          25 -0.84071782856884525       0.43694902415929510       0.31979537678447650     
           8          26  0.84211152012708312      -0.16765996393848420       0.51258006609836038     
           8          27  0.93738569197003085      -0.32041743582959359      -0.13653106352129066     
           8          28 -0.67060363817184654      -0.69101414799140615       0.26979660440115666     
           8          29  0.19720055323203534       0.58484641413970140       0.78680786325056018     
           8          30 -0.81091863783729634      -0.34709144404984799       0.47110348361638660     
           9           1   9.2608617664239334E-002  0.64656470489026574       0.75721709325957653     
           9           2   4.4166205008670405E-002 -0.41296310241967782      -0.90967621842886870     
           9           3 -0.51760849836237455       0.44410242468940941       0.73133745891211888     
           9           4 -0.75229544762123302       0.63418386206707678       0.17850038818460770     
           9           5 -0.19876980286638909      -0.76292983467725894       0.61516553286720077     
           9           6 -0.61377875066420640      -0.74825039930103776       0.25178757947707270     
           9           7 -0.25303641237354230       0.92968537222110192      -0.26768952667453760     
           9           8  0.34817739033342782      -0.92637315125474151       0.14354542659020475     
           9           9   1.0378534873990944E-002 -0.57334876440947258       0.81924567765963863     
           9          10 -0.89656150868777040       0.32857282316991243       0.29701407544704445     
           9          11  0.69552588133109905       0.61697934179546221      -0.36821222168232848     
           9          12   6.5666843237563832E-002 -0.30581274202243897      -0.94982442194119776     
           9          13 -0.24450795538190062       0.47713335602710438       0.84413246609834580     
           9          14 -0.32863802835917033       0.81711879885715955      -0.47361789965163886     
           9          15 -0.61029049651448086      -0.72413600377570231      -0.32120485348117722     
           9          16 -0.52651994485388687      -0.59199996964478985       0.61017438786926137     
           9          17  0.58300421355509269      -0.75420095592185143      -0.30213739434828907     
           9          18 -0.28949132283370227      -0.73630725711162615       0.61159332658944754     
           9          19  -8.4984924716865501E-002  0.94803105116464015      -0.30661814786234726     
           9          20 -0.62903024978262756      -0.73228060163090591       0.26093306676901573     
           9          21 -0.49205305851840081       0.84699871650118841       0.20118887108393158     
           9          22  0.10645096771621633       0.62543619090901814       0.77297979441476938     
           9          23 -0.96379945154390401      -0.26080253573446438        5.5431530360826611E-002
           9          24 -0.89914370484727535       0.39837081841981625      -0.18122165727374179     
           9          25 -0.73403375850009012       -1.8298328302908114E-002  0.67886641731901154     
           9          26  0.87525708276333181       -9.8534815376688251E-003  0.48355759530195469     
           9          27  0.59507792956618388       0.78531983543663075       0.17074839329553679     
           9          28 -0.97874643201334421      -0.13044360433098856       0.15823996938286108     
           9          29 -0.20983878530427938      -0.97767510622034093       -1.0911959451427653E-002
           9          30 -0.74134936314146493       0.27266568477018033      -0.61323286451278280     
          10           1   5.7394562537000107E-002 -0.23945562449515453      -0.96920940363206443     
          10           2 -0.34132305859625311      -0.57022029345425107       0.74722646272963766     
          10           3  0.35890194099537043      -0.11465145552405494       0.92630688246173110     
          10           4   8.9906573584094374E-002  0.78249488077251550      -0.61613194170662400     
          10           5   1.6671687739726725E-002 -0.96036316687622725      -0.27825283922248256     
          10           6  -9.0731325613758046E-002 -0.41389736972751845      -0.90579070092655078     
          10           7 -0.94340622705088761       -7.9783134571836459E-002 -0.32189958403126484     
          10           8  0.59514568128362233       0.73783741436649597       0.31842984786357054     
          10           9 -0.77066587882884696       0.60148848563119128      -0.21044168993347578     
          10          10  0.22527186468600141      -0.88656394542401551       0.40405068698753022     
          10          11 -0.11448932871895885      -0.76783762894438901      -0.63033131699649902     
          10          12  0.30340511132508891       0.10826749638898503      -0.94669080889563495     
          10          13 -0.94351521787468540       0.31877346669857271        9.0346613483068300E-002
          10          14  -6.1837670192163574E-002  0.27340183449846145      -0.95991017258808187     
          10          15  0.74449943850305256       0.43324497190799255       0.50795608115769442     
          10          16  0.23202225202522567      -0.36762228278712300       0.90056622841606004     
          10          17  0.68021832012910355       0.68437570664154390       0.26255081245280470     
          10          18  0.68472897841396718       0.50384219606608449       0.52658263129680805     
          10          19 -0.95248575647942768        2.2008095365858304E-002 -0.30378697707798441     
          10          20 -0.54359474135090735      -0.34178540943304664       0.76660778177261202     
          10          21  0.53214950082559154       0.70970524939900370       0.46166586157801598     
          10          22  0.35423155039166576      -0.91521751982965016       0.19208565824647261     
          10          23  0.94089287305284597       0.27023531391260958      -0.20418980521297975     
          10          24  0.67598147704419509      -0.68121846994937552       0.28105237749035356     
          10          25 -0.37495498117618425        8.0136227780528910E-003 -0.92700838396485841     
          10          26 -0.83770354198627262       0.20617489404330441       0.50571206116710854     
          10          27  0.33382654469342216       0.63048663822192308       0.70074705642026669     
          10          28 -0.87932341312227158       0.47609006197034215       -1.1339666135935464E-002
          10          29  0.99722672032195370        6.7003698947352447E-002   3.2394021104092806E-002
          10          30  0.17726151448785724       0.55226857293374276      -0.81460283502526454     
          11           1   4.1427642171259889E-002 -0.50096359321675044       0.86447627424672113     
          11           2  0.75475650095651725      -0.51862799603552512      -0.40170589489332875     
          11           3 -0.57711287573301451       -3.5790189211509446E-004 -0.81666431327039490     
          11           4 -0.23200830319655621       0.95632551321023718       0.17780230603406499     
          11           5  0.70473841751029243       0.32105267328709097      -0.63266811509692911     
          11           6 -0.80643329346864401      -0.56693071319020871       0.16809196776454660     
          11           7  0.43692148104612499      -0.73759211637596001      -0.51483734252722291     
          11           8  0.75493458546489511      -0.46116392167763887      -0.46626345451026657     
          11           9   6.0187623380301938E-002 -0.97816298996929729      -0.19893369510003917     
          11          10 -0.89205348387103944       0.23562990361258468       0.38564119390576690     
          11          11 -0.47854824474509272       0.65997540841658586       0.57915804210660116     
          11          12 -0.10187942633708440       0.84622861113821890      -0.52298921612238580     
          11          13  0.69673685353454551       0.69852505151248556      -0.16315792759244266     
          11          14 -0.86298214664475947       0.49429327076252549       0.10457522197579838     
          11          15  0.26107154220939327       0.71770022935047895       0.64556024555317748     
          11          16 -0.67563993680181178       0.58295178992714591       0.45130686502553957     
          11          17  -3.3486439119771248E-002 -0.50232362814864440      -0.86403103590013497     
          11          18  0.67441762127013793        8.4186890692853414E-002  0.73353489320944942     
          11          19 -0.74196709628062330      -0.67041032402641532       -5.9013113540173938E-003
          11          20 -0.67573261757779879       0.32309877196332393       0.66256517649001778     
          11          21  0.59081857784418601      -0.61011060777565429      -0.52791898464991305     
          11          22  0.79916808002889250      -0.58235458387507932       0.14897489218863996     
          11          23 -0.37379213312222354       0.90201307590384239      -0.21599039819961174     
          11          24 -0.63085466048590377       0.72846817453980794       0.26712640458377607     
          11          25 -0.42953608351630024       0.86139448088409176      -0.27110570126779715     
          11          26  0.75358958158784939       0.35322994079241637       0.55437473918824631     
          11          27 -0.26976874509000781       0.17555774579216574      -0.94678630221657500     
          11          28  0.63057567047357621      -0.71049947213341247      -0.31235368399450952     
          11          29 -0.36313703018246279      -0.91257303390235545      -0.18799456136950210     
          11          30 -0.38116693558553033       0.30209777362306661       0.87375551637075377     
          12           1 -0.33189957712127111      -0.60872267642759370      -0.72062429455961896     
          12           2 -0.97491646694797596       0.22252147528618607       -4.6984582721582777E-003
          12           3  0.60778857781403339      -0.66489099634974247      -0.43418084671233637     
          12           4   7.0259270341255120E-002  0.43839728429924457       0.89603094592216048     
          12           5 -0.98260163633976216       0.13047651899068663      -0.13217375781332211     
          12           6 -0.93346871587386482      -0.30727871129522205      -0.18497553911137923     
          12           7  0.56493403259957697       0.64728440947037369       0.51173472822095023     
          12           8 -0.93443294916053965      -0.34611364877617573       -8.3907125168118615E-002
          12           9  0.31834410224040949      -0.43305862221347957      -0.84327768990725149     
          12          10  0.36334052627009772      -0.87663563672921418      -0.31542609655216158     
          12          11  0.89830027437881566       -6.3035346766952161E-002 -0.43483693737873097     
          12          12  0.15298812652330887      -0.43959160605730091       0.88507279532637928     
          12          13  0.38416105636101500      -0.73326197651383251       0.56102331197073863     
          12          14 -0.76028545245623458       0.64737562859406306       -5.3580092253191200E-002
          12          15 -0.97894326309104296      -0.16632575390389312      -0.11834623457027504     
          12          16 -0.41558964534446163      -0.66651616807855452      -0.61890342087626604     
          12          17  0.20119995113373226       0.88984442206675196      -0.40950639089087715     
          12          18   4.7924688579820317E-002  0.20679697367250721       0.97720941251321336     
          12          19  0.42191528886377444      -0.28065569150905889       0.86210200779639168     
          12          20 -0.92351401193106797      -0.27587497223140661       0.26648615247945578     
          12          21  0.30180696596729983       0.91957735735413537       0.25157511628775625     
          12          22 -0.78681368246013095      -0.14321909886792117       0.60034366725483901     
          12          23  -1.3367121733268085E-003  0.43975636669785201       0.89811611228686350     
          12          24  0.78248029862432411      -0.60101740197837683      -0.16279639057408782     
          12          25 -0.31770159012633742      -0.79305000546930982       0.51974742756104564     
          12          26  0.77287391110748838      -0.11147631579160125       0.62469108249353567     
          12          27 -0.59986073475397783      -0.78576388216345316      -0.15080523992168435     
          12          28  0.55196951437966191       0.73373534751696190      -0.39618442044033392     
          12          29 -0.65603435402296495      -0.74503666523481593       0.12057899401411476     
          12          30 -0.42032040431218659       0.18235461559885424       0.88886306700674322     
          13           1  0.29751791542257378      -0.13207197390811107       0.94553692879264184     
          13           2  0.67774229992099588       -1.1465621813710329E-002 -0.73521011582691365     
          13           3 -0.39080426944318092      -0.81818005400839255       0.42172671507482845     
          13           4 -0.78762573184827933      -0.13786706855144065       0.60053174598808234     
          13           5  -4.6823545893054395E-002 -0.93988466939047022       0.33826670512299523     
          13           6   4.2576701485768337E-002 -0.91854015381566478      -0.39302825638735767     
          13           7  0.63985093281329863      -0.66679339277860261       0.38206983016819285     
          13           8  0.32612350390211520      -0.74891399717297125      -0.57686331573520078     
          13           9  0.96667152325068884       -2.9053094747390220E-003 -0.25600336972987120     
          13          10 -0.68623349877268480      -0.45219725757624551      -0.56973785674002941     
          13          11 -0.19538944752411899       0.97634578292607166        9.2584426113120608E-002
          13          12 -0.90106896008680160       0.15633302652356060      -0.40451787845047521     
          13          13  0.99169536375262635      -0.10774029517778153       -7.0230579568663992E-002
          13          14  0.28238806912090986      -0.93296995512537906       0.22321299525680038     
          13          15  0.70398107217709216       0.68234171572846980      -0.19702901561221864     
          13          16  0.22976740668401924      -0.93292355044096087       0.27723742146097913     
          13          17 -0.76161505232581250      -0.41047946525161150      -0.50144702679096720     
          13          18 -0.68840431233481225       -1.5888362640489186E-002 -0.72515313051205854     
          13          19  0.42838182710245726      -0.79147598558124510       0.43595272043715599     
          13          20 -0.69702658939232853      -0.10720996745110570       0.70898515961847264     
          13          21  0.76317754403014304        3.7936881339271533E-002  0.64507428201903161     
          13          22  0.32760731403284837      -0.77986080138280689      -0.53337658203069704     
          13          23 -0.83327780398452023      -0.21263986609993724       0.51032576726218348     
          13          24   7.2797333015827470E-002  0.98343772011166997      -0.16598433349971148     
          13          25  0.27098529819152173       0.78725564704856721       0.55389124776818233     
          13          26  0.38245442989892076      -0.72689239743266421       0.57039990498358728     
          13          27 -0.31342697891410304       0.39183204874841598       0.86500356904604581     
          13          28  0.75739470695110811       0.51366330149596306       0.40311694404814163     
          13          29 -0.44129522556212702       0.71027203725434895       0.54842698419263458     
          13          30  0.17070770138151126       -2.6210341354380176E-002 -0.98497304465407964     
          14           1  0.67216004381859795        2.5667753528862584E-002 -0.73996083810061331     
          14           2  0.59766451549138466       0.65202816370504457      -0.46653660162722083     
          14           3  0.79501439271407814      -0.60630401265986045       -1.8642950678935528E-002
          14           4 -0.72829824832406265       0.45098295655972515      -0.51594189050778860     
          14           5  0.89271100532487346       -1.0635548101511523E-002  0.45050410218824227     
          14           6 -0.78651119992236718      -0.51619463534321886       0.33903278726335523     
          14           7 -0.20786938626321347      -0.92947891973267249      -0.30472816743310605     
          14           8  0.16881301471509413      -0.15814799368137844      -0.97287788450419410     
          14           9  0.70850558390195051       0.45107817232563052      -0.54272306016155702     
          14          10   7.6072913865995739E-002  0.99564831870714199       -5.3826919209425762E-002
          14          11 -0.67007113100550886      -0.26528249570679169       0.69327474846886949     
          14          12 -0.22332134520770908       0.50313311461616317       0.83485606289423209     
          14          13   4.3297077975390098E-002  0.61412002144002475      -0.78802408738901919     
          14          14 -0.67407190248744309       0.65873511758613490      -0.33420819130556950     
          14          15  0.48313924565833399      -0.29019907037059928       0.82605143233380818     
          14          16 -0.92059121498424668      -0.18772249605760877      -0.34245011223202954     
          14          17 -0.89399444073322143      -0.14247895751258280      -0.42482194694274245     
          14          18  0.84770115422358172      -0.45036877661447677       0.28030468811417841     
          14          19 -0.35679735683193126       0.35868262854501776       0.86257893443892097     
          14          20  0.67505877293851690      -0.73742771462697787        2.2271479043304065E-002
          14          21 -0.90677368033032113       0.41736726938103325        5.9716455936572828E-002
          14          22 -0.11227591855042751      -0.72670903362191430       0.67770797440045016     
          14          23  0.35270070795237879      -0.93361725816613272       -6.2936681388864685E-002
          14          24  0.66274778235714593      -0.54405328825188870       0.51455941981756825     
          14          25  0.24982509565956143      -0.93356085426088564       0.25700496682044199     
          14          26 -0.75440724815046722      -0.60830054251876631       0.24665796948287294     
          14          27 -0.59942347516133287      -0.79896071101986632       -4.8510614015292157E-002
          14          28 -0.68498030176643598       0.58966793807019091      -0.42789450686356306     
          14          29 -0.44280822897167754       0.89637387034903659        2.0850825174433488E-002
          14          30  0.43869414720039418       0.73191221267508277       0.52139424445344940     
          15           1 -0.93478040157779563      -0.28611101978702908       0.21053760990018258     
          15           2  0.30621573767129429      -0.88682777361357712      -0.34607574597190566     
          15           3 -0.33576562665847109      -0.67691579679228520       0.65501637232034882     
          15           4  0.21745578901680898      -0.96244118028618675      -0.16254216164555230     
          15           5 -0.19903675356011089       0.43429317277832863       0.87850657983328984     
          15           6  0.66856594310496287       0.54761381645577378       0.50312889774581004     
          15           7  0.59327275883515984      -0.21436389055603514       0.77593527826088593     
          15           8 -0.66200894111848263      -0.40274876708392032       0.63208986108904441     
          15           9  0.88197794149491548        4.4601802636625408E-002 -0.46917543618347596     
          15          10 -0.84622869089879893      -0.53150736403117793       -3.7375455586974748E-002
          15          11  0.72863956144787678       0.61788538950511573      -0.29546917762967656     
          15          12 -0.86554112547414996      -0.26095764654259357      -0.42748060403238497     
          15          13  0.19773326375434780       -4.7527584861293245E-003 -0.98024434081091538     
          15          14  0.92246427389789754        5.7779000587742331E-002  0.38173452879338321     
          15          15 -0.29439884410379863       0.86325533605998628       0.41002383510511614     
          15          16 -0.81980947241021285      -0.37850724801555158       0.42970302785316999     
          15          17 -0.96280056534116243       -4.8072458172255687E-002  0.26590244478758512     
          15          18  0.74836333912501152       0.41736241948819675       0.51552005145544200     
          15          19   5.0368737883079662E-002 -0.62744103119735539      -0.77703329569206037     
          15          20 -0.37537595286888537       0.46890494778746589       0.79951300423958727     
          15          21 -0.66727953777830096      -0.74464157538186648       -1.5714409794491273E-002
          15          22 -0.83230462778152892       0.51473333667656185      -0.20571484799902934     
          15          23  0.69779350088167968       0.68202069278469535       0.21893379076966055     
          15          24  0.12684347334001531       0.12343622077550115       0.98421249365759556     
          15          25 -0.57681748832050217      -0.81466780946781370        5.9982875760847397E-002
          15          26  0.74349257314677486       0.66616533522838195        5.8673160948130236E-002
          15          27  0.80359637469972256      -0.14768695306873253      -0.57655999727932661     
          15          28  0.31912629564311062      -0.83548017673867070       0.44736034883058812     
          15          29 -0.63971518915494219       0.63397229820175449      -0.43456139022840279     
          15          30   5.6842150740591318E-002 -0.10054470436548917       0.99330747119068841     
          16           1 -0.53754552714939863       0.82520594935683744      -0.17343571543299796     
          16           2  0.15446388217348073      -0.94865426053332647      -0.27603623507768793     
          16           3 -0.44098372616194464       0.37585306435836630      -0.81502627397695149     
          16           4 -0.23418931568275084      -0.80109725436319734       0.55081626108148951     
          16           5  0.12427397503028051       0.47672828156163632      -0.87022188244692078     
          16           6   4.5090306953626570E-002  0.62266297191409581      -0.78118991777027791     
          16           7 -0.92962616667167131       0.25503383561981890       0.26599423476529926     
          16           8  0.24359530651577915       0.96439966414968825       0.10293014345395676     
          16           9 -0.47042624564351943      -0.65805007370265745       0.58793643186119215     
          16          10   8.6258854049684086E-002  0.44331248677415575       0.89220706630700319     
          16          11  0.19002994740866405       0.34459727203825175      -0.91931569071329111     
          16          12  0.62743885242728503      -0.75070095816195659      -0.20680560408134988     
          16          13  0.28909731218726359      -0.90486064400546673      -0.31248993426366822     
          16          14 -0.86552013273867379       0.15434315940910492       0.47650088034298960     
          16          15  0.70659813533871141       0.25900781860371819      -0.65850894074264443     
          16          16  0.61011352831508314       0.61466504408396450      -0.49994836348184812     
          16          17 -0.37811913696897442       0.89975678085328237       0.21786154678230021     
          16          18  0.14042393509618345       0.81624811991426460      -0.56037498622666149     
          16          19  0.70821531993013109        3.1844355038257000E-002 -0.70527795773613933     
          16          20  0.15489705992913855       0.31190984755591777       0.93740020686095060     
          16          21  0.49585084522920253      -0.52380852728140592       0.69264461741413252     
          16          22 -0.96505567407428483      -0.23474362261910964       0.11646019739243461     
          16          23  0.96425029760456049       0.23474585025401748       0.12294612380239875     
          16          24 -0.99137405247352051       -8.7351139783875056E-002   9.7710114423674194E-002
          16          25 -0.13931136046790030        8.3603044295617031E-004  0.99024827487740730     
          16          26 -0.21903152621072250       0.38422761695471286       0.89688033142393309     
          16          27 -0.89663684061748083      -0.27156646627093733      -0.34970563399038629     
          16          28 -0.87427658999494917      -0.21688056075991388       0.43428477586863323     
          16          29 -0.13583814087292551      -0.70681753126007851      -0.69423121291655787     
          16          30 -0.37332862110062270       -4.0105525945504674E-004 -0.92769907826934195     
          17           1  0.39668492292310448      -0.91791057883362548       -9.0133895294207452E-003
          17           2  0.23542836090322736       0.11730525465559667      -0.96478648628212316     
          17           3  0.13822099703266413      -0.62670127179857249       0.76690316983654983     
          17           4  0.33069093333944100      -0.86630950423144260       0.37436793330273566     
          17           5 -0.60061296579121703      -0.57255315948515129      -0.55807431842636268     
          17           6 -0.59850534184116044      -0.75629500038319530      -0.26421436028910006     
          17           7  0.74233417104058608      -0.30073251939948759      -0.59874863697642156     
          17           8 -0.75663499222120500      -0.62478839948941600       0.19272504873490409     
          17           9  -5.6714359001628939E-002  0.93241819037850771      -0.35690306770088620     
          17          10  0.74010822139979848       -1.1068323467457104E-002  0.67239669305555538     
          17          11  0.21302071995391894       0.69135772074517032      -0.69039602753517992     
          17          12 -0.79155079586772070      -0.33421422385288674      -0.51161332091296297     
          17          13 -0.48502356593911428       0.55490820722227197      -0.67589127974924323     
          17          14 -0.70758368258668558       0.32404188430663811      -0.62795078577231511     
          17          15 -0.61536684737867720       -7.7551773924950385E-002  0.78441657651296559     
          17          16  0.18801227726146735       0.72376605367448321       0.66393831275761017     
          17          17  0.60094508692807858      -0.19668241161847924      -0.77471351573142389     
          17          18  0.62214061317289615       0.11260533792929563       0.77476518720879683     
          17          19 -0.40911672370885582      -0.83976705469722335       0.35695209794436356     
          17          20  0.63297151751738256       0.75559773779456751       0.16857970415051116     
          17          21  0.40530078662569968      -0.90942234231419861       -9.3178729656212420E-002
          17          22 -0.23435298382936651       -5.3402193315599575E-002  0.97068372022989857     
          17          23 -0.12448212287068694      -0.17372949872810928      -0.97689419199690564     
          17          24 -0.40804268554577328      -0.69724070824436113       0.58936963065591952     
          17          25  0.99221353879581298        1.3990186040041486E-002  0.12376012332271955     
          17          26 -0.60988141113751471       0.46980458289468169      -0.63822278104128183     
          17          27  0.40399414264075734       0.80466920281521492      -0.43508183914372445     
          17          28  -7.7153421939319114E-003 -0.88455291803270319      -0.46637603786500476     
          17          29 -0.13606590666450949       0.46519180274409760       0.87469003407107682     
          17          30 -0.64881651554510478       0.70895710419160107      -0.27643616545627325     
          18           1  -5.4997654748020666E-002  0.99784814097217744        3.5697976561523452E-002
          18           2   8.1147986238966851E-004 -0.20676920760841944      -0.97838940932811580     
          18           3   7.2649823795819052E-002 -0.99558777952042155       -5.9388352157920134E-002
          18           4  -2.0906523162116962E-002  0.95588631071137808      -0.29299194235313469     
          18           5  0.82142815163203065        2.3356993000488407E-002 -0.56983352181524116     
          18           6 -0.32560423815509931       0.24364337675547312       0.91357527607670508     
          18           7 -0.89672587587801789      -0.18398589978150129       0.40253185241964778     
          18           8  0.87978007065398389       -5.0282070092211945E-002  0.47271422731637019     
          18           9  -1.5809231032914987E-002  0.43880687293888854      -0.89844231672141428     
          18          10  -8.6290896756210406E-002 -0.99439602786917747        6.1077171635654001E-002
          18          11   4.0804485311236115E-002 -0.92559877401078006      -0.37630028372062907     
          18          12  0.64107614652738409      -0.14270953944717343      -0.75409240926054655     
          18          13 -0.40629823845672580      -0.62063062692761317       0.67062610025736347     
          18          14   8.3297594306535883E-002 -0.29318344210079716       0.95242058989748446     
          18          15  0.86787887704641475      -0.48687924885502437        9.8665352637191506E-002
          18          16  0.30089093366702618       0.73262797180251460       0.61050872309043958     
          18          17  0.90747927626199620      -0.40996985795577073       -9.1684670053007761E-002
          18          18  0.13755659689473418        6.7819471859564698E-004 -0.99049367625576656     
          18          19 -0.65404084236481874       0.64586307997441783      -0.39381652891248359     
          18          20 -0.85170882160499017      -0.46143602963091757      -0.24833218429896242     
          18          21 -0.13254718348891359        4.5497799432255015E-003  0.99116625429421501     
          18          22   8.4102391472545474E-002  0.99598141174662891        3.0786607539492271E-002
          18          23 -0.13333799436637697       0.47386132427606403      -0.87044610666811928     
          18          24  0.63853905195664062      -0.32970214101875472      -0.69538793297983226     
          18          25  0.80503312133907823      -0.14636907621434178      -0.57488935202804137     
          18          26 -0.82958007240549336       0.25664837369534982      -0.49591180238750965     
          18          27  0.40870146590011663      -0.16016493481840716       0.89850448269650340     
          18          28 -0.51804154523860457       -6.2034254590543070E-003 -0.85533296143628934     
          18          29  0.11317798951808870       0.87876594254794160      -0.46363904161154407     
          18          30  0.61764009306870327      -0.78501616858932088       -4.7647985135013220E-002
          19           1  0.36974781801307915       0.48837144640211683      -0.79043018756476602     
          19           2 -0.62935538123311496        1.2030087107655379E-002  0.77702450483694707     
          19           3 -0.73194738751968347      -0.52183880308709207      -0.43810647734967512     
          19           4  -8.0352889245704801E-002 -0.79065091976250146      -0.60697161075999106     
          19           5  0.38270214781441303      -0.45067678721499216      -0.80649209514031062     
          19           6  0.52546051794223814      -0.38583714111872847      -0.75830135475099958     
          19           7 -0.25872240927655299      -0.92460134363661406       0.27959805128702842     
          19           8  0.80018295119390026       0.17311813236015702       0.57422761764543462     
          19           9 -0.55622697081906403      -0.75463110859153160       0.34805667193628703     
          19          10 -0.25921182005527832       0.73574521247689995       0.62569019063826725     
          19          11  0.20757798494533292       0.93053666857073236       0.30168342448884744     
          19          12  0.40500589437174533      -0.48883809776953385       0.77266262993185220     
          19          13   8.8679419890519473E-002  0.26440200981822537       0.96032678692826434     
          19          14  -6.9207484212011866E-002 -0.57281203208508191      -0.81675987905112191     
          19          15 -0.34223858350683806       0.93069049062428133       0.12918189741897917     
          19          16  0.42167544621344971      -0.84348831063366714      -0.33274207411304396     
          19          17 -0.30995894657935152      -0.91067030977740238      -0.27313922882908770     
          19          18  0.46144691773308144       0.19971775671740560       0.86439548805301269     
          19          19  0.59522198715385155       0.65859486427714387      -0.46039503771912083     
          19          20 -0.94084823821008878      -0.33602801790641029        4.3471414042577525E-002
          19          21 -0.46725954011409571       0.21864041630568082      -0.85665914489372164     
          19          22   7.3343363248821750E-002 -0.86673465024407614      -0.49334754193532826     
          19          23 -0.46285198071922051        7.1234080091182941E-002 -0.88356875780997213     
          19          24  0.90118116069848431       0.22734635216218996       0.36903407940280802     
          19          25  0.54926968292977540      -0.83056248449193248        9.2025946171787193E-002
          19          26 -0.41022482504452429      -0.77739322128050126       0.47683893761344087     
          19          27  0.81465120763068710      -0.35066110177080817       0.46193094896396136     
          19          28  0.26766675394837369      -0.26192392610106635      -0.92722724602254003     
          19          29 -0.80278638806943325      -0.33932999393132302       0.49029498299391316     
          19          30  0.85475550461949690      -0.48259305542428027       0.19104180217671463     
          20           1 -0.84400042833582467      -0.21973697402435130      -0.48926367044321400     
          20           2  0.20590759112196833      -0.34985561371309853       0.91389447611405306     
          20           3  -8.6537075929996196E-002  -2.1216964598417397E-002 -0.99602267790583743     
          20           4 -0.76932254196754635       0.63719865635218986       -4.6051045195050294E-002
          20           5 -0.36043283233876078       0.42210257742343216      -0.83181583749334453     
          20           6  0.56568938171987670      -0.47335456309840163      -0.67522661455492472     
          20           7  0.59106353932989608      -0.10857421752726448       0.79928438728850359     
          20           8 -0.99662198728850215        7.2711635337888450E-002  -3.8178954145007014E-002
          20           9  0.65789090065898637       0.69647595905088555      -0.28653237390259534     
          20          10 -0.36231369202050623       0.69610744173007821       0.61980901747431472     
          20          11 -0.90911066246550520        4.0048715160983836E-002 -0.41462501589446404     
          20          12  -8.0184339234176658E-002 -0.24202973746599826      -0.96694988387388436     
          20          13  0.48631684768985861       0.37302561831859349      -0.79015682730140979     
          20          14 -0.47466266598064277       0.62089322746266817       0.62384850213424414     
          20          15  0.31344115629262359       0.94764634687658589        6.1000350764604222E-002
          20          16  0.43725584996676703      -0.56471743411955411       0.69992966880342133     
          20          17 -0.86482081218989149      -0.12372362557482804      -0.48659780854195833     
          20          18   5.4355303867253700E-002  0.85020831546558706       0.52363281147638885     
          20          19  0.65996460561193926      -0.43823672573483152       0.61024199425858217     
          20          20 -0.72521152759546859      -0.30852011016985836      -0.61553519953242752     
          20          21 -0.94612165898415190      -0.10748346379951287       0.30545230627830433     
          20          22 -0.96254536561613480      -0.25889678007987516       -8.0491467840846195E-002
          20          23  0.56911228555863225        7.4601152937137497E-002 -0.81886865516191287     
          20          24 -0.87868914991478830       0.16608902242298793       0.44757101609979499     
          20          25  0.16241027086392706       0.40075580974841402      -0.90167493303895219     
          20          26  0.68616428970341914      -0.64115381570538332      -0.34365731789419174     
          20          27  0.42068526686215868      -0.87781793276443543      -0.22904057099624861     
          20          28  0.96637416837109713      -0.10652841681881751       0.23403560223851971     
          20          29  0.98851981112363385      -0.13095740753337085       -7.5357417871328131E-002
          20          30 -0.10772356484488563      -0.29887410005869136       0.94819296869952430     
          21           1  0.33583328479606706       0.93475556352013356       0.11596569014687623     
          21           2 -0.78384556852439147       0.54227116502177142      -0.30253612724863832     
          21           3  0.81820934818825652       -4.7872536667108070E-002 -0.57292380188852754     
          21           4 -0.35505075311256290      -0.61447397292253625       0.70452870723271177     
          21           5  0.51392539936754267      -0.43032236795253964      -0.74209389131337744     
          21           6  0.79154590026521110       0.41443359846499639       0.44911009812371261     
          21           7  0.32436993881938697       0.70871967913409140      -0.62649865059581555     
          21           8 -0.90204960587142347       0.32608907062321130       0.28279396487071595     
          21           9 -0.62418750864099815        6.3836415623854323E-003 -0.78124849003178676     
          21          10  0.30682718374985690       0.13693842522277633       0.94186248837589748     
          21          11  0.83059798043306976      -0.27048904119113248      -0.48676757646335445     
          21          12 -0.43136656902657250       0.87622285516435161       0.21484038543503631     
          21          13  0.25695747560150273      -0.51772447770493901      -0.81604792807631787     
          21          14 -0.32965551349145894       0.62047538432156302       0.71157398763283308     
          21          15  0.44310091827448783       0.89502981763936484        5.0825207926294004E-002
          21          16 -0.98157040310626809      -0.17333515995162990        8.0464066951288660E-002
          21          17  -1.9077272616282689E-003 -0.99500630816805136       -9.9793823869416862E-002
          21          18  0.75741945087382312      -0.37649914609986168       0.53344556275600541     
          21          19 -0.14491574682687167       0.95912611071349163      -0.24305663963204327     
          21          20  0.46632112791271946       0.45408588732775040       0.75917758962707715     
          21          21 -0.11233872445290286      -0.94243317829790496       0.31495986320736824     
          21          22  0.75978322045330338        2.8663843230619858E-002  0.64954433413652191     
          21          23 -0.74002615317986031       0.57171299508084483       0.35426761616821228     
          21          24  0.14673125414340160      -0.98653800563875704        7.2199047693222912E-002
          21          25 -0.66450433066508885       0.49144213746131016      -0.56295525581950201     
          21          26 -0.40680704589048045       0.26367703679949001       0.87463275017489539     
          21          27  0.74654052377219393      -0.25771367286700575       0.61340109975719503     
          21          28  0.15597556162001108        6.0205708740293058E-003 -0.98774256610904088     
          21          29 -0.19783256486456335      -0.55129201886723089      -0.81051797402179870     
          21          30 -0.97473770055455433       -6.2422695177266140E-002  0.21445237756766847     
          22           1  0.63142673587547415      -0.60134759746913424       0.48957261385798967     
          22           2  0.29401362911794388       0.54757047338902776      -0.78340446932948515     
          22           3  0.72318895058742538      -0.29104859746908202       0.62632935078881502     
          22           4 -0.57806208515732771      -0.36167956753277819       0.73145889572337897     
          22           5  0.88390467448743171       0.16809159556898975       0.43641464448198636     
          22           6  -4.8421221095010659E-002  0.70537688695953682       0.70717666299938164     
          22           7  -8.4478285538605244E-002  0.95490134446173203       0.28465214142464212     
          22           8 -0.34493195329427107      -0.77796491574696536       0.52515953524944781     
          22           9  0.32749900010914329        8.7336755262043569E-002  0.94080640734840304     
          22          10  0.55527576690948255        6.7491274505961568E-002 -0.82892324768258663     
          22          11  0.62768717258325601       0.77139071884917398      -0.10471471839141053     
          22          12  0.53285647480340703       0.22797897214434079      -0.81491690712617804     
          22          13  0.85242736063309610       0.19324530295144834      -0.48582285632861760     
          22          14  0.67900520464233249      -0.73207461837676646       -5.4942562709942487E-002
          22          15 -0.13706686060748210       0.82478597783114171       0.54858068367044832     
          22          16  0.17723591291790922      -0.41799015067310830       0.89099476155161961     
          22          17  0.56963466328946288      -0.32529709948442842       0.75478351031677837     
          22          18 -0.60696828358683907        8.1525384143720417E-002  0.79053343664886522     
          22          19  0.74828922282714294       0.31297859937504530       0.58489967971780032     
          22          20 -0.56139203030770735      -0.12013279393720293       0.81878391540615381     
          22          21  0.68617504847360900       0.71323305398847658       0.14304689283766811     
          22          22 -0.60752030885220965       0.41192333830264782       0.67914522577554659     
          22          23  0.93798664501783358      -0.34173567419080592       -5.8290503116236785E-002
          22          24 -0.37858563571023740       0.92099008810411498        9.1924828244875828E-002
          22          25  0.93797647701297815      -0.24436367121353253       0.24594008368171036     
          22          26 -0.21983180247299600       0.96796710887597481      -0.12129985472275111     
          22          27  0.47691883518441930       0.37343559559885942       0.79567221931274057     
          22          28 -0.74771929324341269      -0.14496480010435073      -0.64799773552249162     
          22          29 -0.16881949841530100      -0.39250336085209231      -0.90412448737694207     
          22          30  0.48930434675604839       0.22336521218176136       0.84302386575507660     
          23           1 -0.25849777041819577      -0.67353634464806511       0.69247938245621765     
          23           2   2.4583420205795528E-002  0.89298845999106702       0.44940768326072028     
          23           3 -0.28674423015970846       0.77391053591853409       0.56465939190312198     
          23           4 -0.34205692366281676       0.32773063582001660      -0.88067570156064690     
          23           5 -0.66260231992479346       0.29866291045764976       0.68684687634672081     
          23           6 -0.18700272968651682       0.93111787683353353      -0.31312853356218479     
          23           7  0.70682943582330915      -0.27424720306754069      -0.65205875522328016     
          23           8 -0.67782066791425011       0.65983762343534702      -0.32430456803362023     
          23           9  0.43896725223741612       0.89700783055273747       -5.1814123462664556E-002
          23          10 -0.53598568470743835      -0.49068717732680267      -0.68698285262133973     
          23          11  0.32370523429105835       0.22880789937390011      -0.91807508760268308     
          23          12 -0.38797846966969923       0.86630347638981819       0.31462834244179894     
          23          13 -0.45067410741373221       0.87972601851573629       0.15157500207252589     
          23          14  0.98536894424715371       0.17024681161436883        8.0041769340381420E-003
          23          15  0.84268856050942753       0.48937877192513174       0.22446471343086180     
          23          16   5.3601194742328717E-003  0.43734257937988408       0.89927900975201891     
          23          17  0.81665884365118124      -0.13210019702659048      -0.56179878162190022     
          23          18  0.89377879400750992       0.38489511639842472       0.23025033497288183     
          23          19  0.57902451407490685      -0.62585088005719003      -0.52253352814145682     
          23          20  -8.9985165561119004E-002  0.69176961339434373       0.71648968726924345     
          23          21 -0.95862905833199308      -0.24133361240400453      -0.15095832552578903     
          23          22 -0.14371616377081811      -0.98771706040236751        6.1324325198939954E-002
          23          23 -0.74720716589378644       -1.5676952199504612E-002  0.66440626457515428     
          23          24 -0.71317113573773017      -0.14221211961970498      -0.68641288171466219     
          23          25  0.52915042193306994       -4.1400766467547721E-002  0.84751743787603195     
          23          26 -0.99780854577782985       -5.1277762475155760E-002  -4.1817425175088102E-002
          23          27  0.85573357895255275       0.27241322294419429      -0.43989894046043326     
          23          28  0.93292076061242901        9.2955473959111343E-002  0.34787660783582980     
          23          29  0.15091790068615654        8.0491702599285158E-003 -0.98851352955364757     
          23          30 -0.92619172919181880      -0.32704603405168103       0.18764267208642962     
          24           1  0.95464169424860346      -0.26622037522069625      -0.13336396597097600     
          24           2  0.27801438711847615      -0.73444344627297531       0.61911293378656951     
          24           3 -0.83312580375096001       -5.5085214518788374E-002  0.55033354819212654     
          24           4 -0.96151528012318910       0.22474564970765612      -0.15804353522719167     
          24           5 -0.37869301616501583       0.90033044211541480       0.21446839978911761     
          24           6  -7.8134041202566118E-002  0.58175273621048984      -0.80960411653904274     
          24           7  0.44124287029529241      -0.88795871443400654       0.12974610157641855     
          24           8  0.39306543504436320       0.47804144533580833      -0.78547816030405126     
          24           9  0.72007074102096191       0.57208688810624475      -0.39270182121099950     
          24          10  0.15576491280679486      -0.36601392957276585       0.91748084192368506     
          24          11 -0.40563518192360815       0.80689097203432536      -0.42940314208829805     
          24          12  -3.1681810157414600E-002 -0.74425418182483305      -0.66714464379278193     
          24          13  0.36043699086821529      -0.18674342640560826       0.91389937537354693     
          24          14 -0.22069895821532379       0.48550077346952364      -0.84592019056360457     
          24          15 -0.94010424566635975       0.33900782527634232       -3.5744953231046490E-002
          24          16  0.44071666029646722      -0.10524593711241585      -0.89145505666772551     
          24          17  0.39806342578896919      -0.78224317049506620       0.47920885975008498     
          24          18  0.23304057648323523      -0.59208842453963417      -0.77144240694852606     
          24          19  0.27839481732740562       0.12594391710077091       0.95217354270666155     
          24          20 -0.29774792990481830       0.89513761034826000       0.33177526848365607     
          24          21 -0.93383783790850194       0.24545895692971259      -0.26018607371139557     
          24          22   5.4757412590816172E-002 -0.25375402578121509       0.96571761926879307     
          24          23  0.99429965984604363       -9.0250790910937725E-002   5.6771305868301057E-002
          24          24  0.88038253831020596      -0.12611943783749133       0.45718756942641614     
          24          25 -0.27805204653299742       0.84067647037124493      -0.46470434857332382     
          24          26  0.94992113363059372      -0.31174164164419338       -2.1609922418905830E-002
          24          27 -0.19262717824357026       0.97369260527361823       0.12172707438114903     
          24          28 -0.73342341845745695        9.6618449269899251E-002 -0.67287068929985194     
          24          29  0.46264931873115550       0.82521199921487842      -0.32400735212241899     
          24          30  0.18208080871647295      -0.44060680499621924       0.87904051242714565     
          25           1 -0.38358491744295109       0.75180508335973273       0.53633173292725234     
          25           2 -0.32297676324795099       0.78617272850865483      -0.52689510469460032     
          25           3  0.62819524043883390       0.73114530980640913       0.26607757485005346     
          25           4  0.40867395956646607       0.39655508761722508      -0.82202777158509754     
          25           5 -0.80361077315226548      -0.59331538975691778        4.6760812131687778E-002
          25           6  0.60506773140481718       0.79433197576025694       -5.4127190001280100E-002
          25           7  0.98806847225156191      -0.13358740410887313       -7.6649198338384530E-002
          25           8  0.11272013554547358       0.98796384534069892       0.10593210723019600     
          25           9  0.94649253367818020      -0.14568866212004189      -0.28796995923382562     
          25          10 -0.60810800203377335      -0.70555243745944685      -0.36386867941267736     
          25          11  0.57440817780981634        5.0049896982164361E-004 -0.81856886989793820     
          25          12   1.7588668923130060E-002  0.75650925355957033      -0.65374642485007473     
          25          13  0.67867011495074603      -0.70245094600965330       0.21440509211043551     
          25          14 -0.61219664593158385       0.74652971462561091       0.26059288534248770     
          25          15 -0.58243931571730700       -7.1362716874265500E-002  0.80973563966709450     
          25          16  0.66807607815162751      -0.13082460491588102       0.73250206590162192     
          25          17 -0.72346043798511550      -0.65011886959473086       0.23227236182390323     
          25          18  0.88146592835005588      -0.44328064420633934       0.16284989293821175     
          25          19  0.10173304416862702       0.36815946959495510      -0.92418017327345081     
          25          20  0.24408773522507168       0.74740633265771350      -0.61790367486837516     
          25          21  -5.7363352144091863E-002  0.45383602001317319       0.88923692724121373     
          25          22 -0.44771210302913089       0.46379960337368681       0.76448924172393928     
          25          23  0.63077936453667194       0.77163344897915043        8.1848724432658101E-002
          25          24  0.31010251590484295      -0.94126876726549968       0.13360216091056781     
          25          25  -2.0581759662845412E-002 -0.24497809087610206       0.96931012898859215     
          25          26   7.8979395036460745E-002  -6.8682427954230754E-002  0.99450740532687165     
          25          27  0.31188141891799848       -5.0495312371469953E-002  0.94877826912414243     
          25          28  0.59101074782138374       0.42528006695130210      -0.68545106361687458     
          25          29  -4.5740370525211155E-002  0.13674269027729746      -0.98955002660802527     
          25          30 -0.61367573048825785       0.18906247492961561       0.76658820652498405     
          26           1 -0.36470999840789098      -0.40253582142291572       0.83961391694795928     
          26           2 -0.46209896592719668       0.63223950794902084      -0.62188242480182343     
          26           3  0.39676023434624264      -0.75649517027594926       0.51990034986589218     
          26           4  0.42506089342991404      -0.90045153058368932       -9.2251167721900854E-002
          26           5 -0.96560073239180944      -0.24019132818950781       -9.9616020132112307E-002
          26           6  0.64619928858298004       0.35801684097903042      -0.67398102422119144     
          26           7 -0.81270080648325294        1.7161358716799857E-002  0.58242843930260091     
          26           8  0.13913869120047664      -0.94906791482226593       0.28268448430349769     
          26           9  0.30369487551896501      -0.12957031447520870      -0.94391787576585062     
          26          10 -0.21918210234527974      -0.58172102047944130      -0.78330061939453410     
          26          11   9.2682119017521158E-002 -0.91585928202074718       0.39065560325031007     
          26          12  0.45374396084412572      -0.50677214386908043      -0.73300642029645313     
          26          13  0.80776114413840738      -0.43959069140076701      -0.39278742094675922     
          26          14 -0.57417590777848559       -1.1649440672421229E-002  0.81864908077806553     
          26          15 -0.28884828379385158       0.36279634221362272      -0.88597149109086037     
          26          16   8.9281455999804582E-002  0.89962762126061280      -0.42743299437400278     
          26          17 -0.51511432766796106      -0.38910892382647355       0.76370902497599702     
          26          18  0.32035332877974004      -0.63797444606338893      -0.70025877424695782     
          26          19 -0.77657562239909639       0.62683028358904069        6.3356911786629083E-002
          26          20 -0.16918237504772823       0.27859034472020189      -0.94539131781600838     
          26          21 -0.25099692993479739       0.34261766672860078      -0.90532517672312407     
          26          22 -0.29906730437841134       0.64688509226688984       0.70149727359034553     
          26          23  0.62580975737082345       0.74254668659371259       0.23871859124955061     
          26          24  0.32413123598381460      -0.24224097493529795       0.91447156977240196     
          26          25 -0.28861899463467322       0.51382128482093992      -0.80789031631839048     
          26          26 -0.80415242181776592       0.58605201249298333       -9.9407852494387133E-002
          26          27  0.80888204240914041      -0.34392525536142948      -0.47689124566571067     
          26          28  0.76429077743612817      -0.63462848768531899      -0.11448270674789153     
          26          29  0.88407004129380595       -7.2768227546164618E-002  0.46165457557199396     
          26          30  0.91753902205553417      -0.19555805980865834       0.34623574086054026     
          27           1  0.32480096734605013       0.90166142736418253      -0.28550131701036896     
          27           2 -0.73845327471381805       0.65696848038556088      -0.15191832293810181     
          27           3  0.64552919147753818       0.72536121173206691       0.23904638768436454     
          27           4 -0.96371100865821291       0.25286568486800659        8.5557215985584564E-002
          27           5 -0.17241508402530895       0.98469978589231921        2.5285775925729056E-002
          27           6 -0.11702177959460357      -0.64517018211423827      -0.75502406531924038     
          27           7 -0.54073584705246747       0.76358074503950080       0.35291527243429316     
          27           8  0.86230172940494443       0.14599071634471045       0.48489425466425179     
          27           9  0.52113100907672272      -0.73205982429413197      -0.43876062384074699     
          27          10  -2.2617980767994761E-002 -0.20498951171168375      -0.97850279868490109     
          27          11 -0.38533290283051469      -0.64976602265026884      -0.65522718945832781     
          27          12  0.98486870010868444      -0.12369448715726596      -0.12138087737832159     
          27          13  0.75587106284397443       0.54028054386448487      -0.36980517881259689     
          27          14   6.9243985852462872E-002 -0.66397332514002283      -0.74454327874594728     
          27          15  0.12510762848132984        7.5457709849415994E-002  0.98926953623370961     
          27          16 -0.64115198535323814       -1.6296246604365471E-002 -0.76724087744606695     
          27          17 -0.46997428825813176      -0.84958716324463301       0.23942811118621760     
          27          18 -0.83139392096148235       -2.7042327614341232E-002 -0.55502509916713760     
          27          19 -0.71826192578847292       0.69572798797169011        7.8976398688572307E-003
          27          20 -0.28998004796752025      -0.82912868585784349      -0.47797195950013649     
          27          21  0.52352840621807728        2.0398152416027084E-002 -0.85176400678871866     
          27          22  0.23713291190597929       0.15068364362749465       0.95971997042581814     
          27          23 -0.85797184023539164       0.34956085898430111       0.37641935023222856     
          27          24 -0.52354789558412995      -0.83609460252060142      -0.16383960652219157     
          27          25 -0.13275745630739985      -0.59556355187893095      -0.79226227568157048     
          27          26  0.72140960980064572        1.2110595635108280E-002 -0.69240270678315741     
          27          27 -0.78653608093265315       0.61745860871368208        1.0288824834112871E-002
          27          28 -0.99214759169847633       -6.6945083724063256E-002  0.10564805749322445     
          27          29  0.22239955546652077       0.59079685658488690      -0.77556270667026694     
          27          30  0.94707970985741130       0.20560890794055606      -0.24650557833828721     
          28           1  0.92166627830540226      -0.10977606116325352       0.37212966534549508     
          28           2 -0.86977880028165588      -0.27467778552284738      -0.40992310586360953     
          28           3  0.34432327998906120        1.7697058139643368E-002 -0.93868434150718449     
          28           4  0.29342402673956641       0.51171348905454939       0.80749714900521963     
          28           5 -0.42338611448485447       0.18126611324215297      -0.88762987458258791     
          28           6  0.12766722381715004      -0.94824741178729599      -0.29073686728985049     
          28           7 -0.87928711741996934       0.37203757029871876       0.29739235266816633     
          28           8  0.40118476561913363      -0.91228614201097280        8.2369769514403640E-002
          28           9  -2.0402309074042481E-002  0.52833264614641806       0.84879229544121748     
          28          10  0.29576619388688613      -0.36080876347358853      -0.88449951653707815     
          28          11 -0.57000946098031080       0.63369138289586058      -0.52299564590584047     
          28          12  0.35305880607308870       0.91442926676136416       0.19791057461520134     
          28          13   4.5922816721867606E-002 -0.99822158634098235        3.8009991676168031E-002
          28          14  0.48193065170482802       0.73846817941851040       0.47160109725664390     
          28          15 -0.62884938315817929      -0.25694785795078068       0.73384347894907598     
          28          16 -0.72738555470541910       0.24462496011483525       0.64114653839407487     
          28          17  0.48708897804624735      -0.22653414580785408      -0.84346108875808146     
          28          18  0.17089142562418835       0.35642653011273789       0.91856205521452172     
          28          19 -0.63072480107319517      -0.74836303843466934      -0.20527783128240615     
          28          20   3.0665470805735021E-002  0.79814288905468933      -0.60168725892418273     
          28          21  -6.3240012157201847E-002  0.13339357120728226       0.98904340451919737     
          28          22  0.53154347385095246       0.41489089663359563      -0.73846264583730492     
          28          23  0.43981013945366887       0.87458326319716029      -0.20413514388549300     
          28          24 -0.10655649657054729       0.37198543342452173      -0.92210224506753136     
          28          25  0.88332736956097324      -0.42380416962800782       0.20030672477579581     
          28          26  0.46490047166510362      -0.44798303036583309      -0.76366141446966496     
          28          27 -0.82406823315218036       0.53158005766391059      -0.19579118826820921     
          28          28 -0.42353495651206557       0.83958756378197819      -0.34016299527574329     
          28          29  0.46822284169409711       0.70793177212187963      -0.52877214046910570     
          28          30  0.20281646157735717       0.64157455938510410       0.73976183171548526     
          29           1  0.28676608296791806      -0.25347710934415912       0.92385852201393170     
          29           2 -0.74385573014287709      -0.59822002388733386       0.29801250939154394     
          29           3 -0.50925544405022094        4.5203168905566332E-002 -0.85942746420283034     
          29           4  0.28189082854478531      -0.89760678431996788       0.33887995149477512     
          29           5  0.83201764983771342       0.36401785327299135       0.41861394250197992     
          29           6   1.9352968018673044E-002 -0.99971367641160880       -1.4072235943638583E-002
          29           7 -0.16436398258836440       0.70354637241056839      -0.69138049082659359     
          29           8  0.48483582755314331       -8.2147175136911360E-002  0.87073880236146839     
          29           9   1.8122475210870927E-002  0.84899615567351205       0.52808815887485028     
          29          10 -0.80470859082176582        3.7263621542433525E-003 -0.59365831762280841     
          29          11  0.75196779287069149       -5.1222991475132575E-002  0.65720669779721463     
          29          12 -0.67152879040571078      -0.50579809183388258      -0.54149549762989357     
          29          13  0.82489596646970798      -0.32360294034015974      -0.46349517959220388     
          29          14 -0.96519528457462134        6.9130394483813362E-002 -0.25222817287810684     
          29          15  0.28746571399347426       0.36269292957814137      -0.88646336760875089     
          29          16  0.17391546054495238       0.62817620471620139      -0.75838517154002039     
          29          17  -5.0328144232702605E-002 -0.39164034298751127      -0.91874094261805750     
          29          18  0.12998729152572691       0.25294939697314595       0.95870741449762842     
          29          19  0.22074170419368511       0.78462593498575184       0.57934035089695102     
          29          20  0.87720967215253975      -0.48009817146359002        2.9894546912526201E-003
          29          21   7.4061537365066141E-002  0.69736510506718474      -0.71287923164990386     
          29          22 -0.35946028984193534      -0.77998822077782237      -0.51225645479056559     
          29          23  0.93015276493405119      -0.27431057537632753       0.24406872417876069     
          29          24  0.41278374413537544       0.32476783699738387       0.85096147540862366     
          29          25 -0.84885490311160272       0.46563530328306302       0.25025810236610019     
          29          26 -0.20229744995145874      -0.59622906922427876       0.77690838504619530     
          29          27   1.0896866449576104E-003  0.99818552896797519       -6.0203507721223966E-002
          29          28 -0.85001185988931205       0.29258360165797048      -0.43803501468303047     
          29          29   3.2161824540934074E-002 -0.99191735357135224      -0.12274192733619221     
          29          30  0.18319661195440351       0.96041007570281145       0.20988446311470457     
          30           1  0.45285683448126013      -0.76929288374152172       0.45067632119767081     
          30           2  0.98169240556774306       -4.5416505059091394E-002  0.18497935538550078     
          30           3 -0.73594695454872561       0.67592310686067814        3.8859152104291812E-002
          30           4  0.13429729671209018       0.32292972552292154      -0.93684610714327854     
          30           5  0.79504929571480087       0.60388249911225989       -5.6767461184472248E-002
          30           6 -0.69883669624881661       0.61273721137022719       0.36902626163767360     
          30           7  0.23380455454473192      -0.88592433702354179      -0.40059143693236549     
          30           8  0.93947047946809625      -0.24058604629347644       0.24395403775477548     
          30           9 -0.19090493289427188       0.84422233437427296      -0.50084324567701499     
          30          10 -0.47812905978657239      -0.47208018692324905       0.74063006913176199     
          30          11  0.41894363511975996      -0.35479096249355618       0.83582869269099480     
          30          12  0.39230777588434601      -0.44561403956873757       0.80468797475786191     
          30          13  0.99257382156723806       -2.8629186326435942E-002  0.11822680926801311     
          30          14  0.23316749701063333        3.7719728128591682E-003  0.97242927277972013     
          30          15  0.86511311759546627      -0.11431265327263405       0.48837681258022836     
          30          16   2.4267320515217513E-003  0.85578708693446870      -0.51732250367422294     
          30          17  0.52900941360882048      -0.10205218996801260       0.84245735253244991     
          30          18 -0.24350909904212895      -0.62606756891390802      -0.74077170426381689     
          30          19 -0.18334817320025354      -0.30714163551923818       0.93383481575420890     
          30          20 -0.58685553327671880      -0.78323239336579986       0.20529880916600290     
          30          21 -0.15139114615739541       0.64085311480068252      -0.75258754049971710     
          30          22  0.67638890213810854      -0.58455868680865553      -0.44809507332813253     
          30          23  0.12013898430026061       0.18999461896275244       0.97440682941803125     
          30          24 -0.43328731910902130      -0.22539078044008082       0.87261738189880700     
          30          25  0.14676552182088370      -0.61020956580259766       0.77852692144051705     
          30          26 -0.82078231974436933      -0.57066289277575932        2.5695260338321733E-002
          30          27  0.26938866914117277       0.75528432414493374      -0.59747412884515616     
          30          28  0.62418817495169876      -0.23534504710717927      -0.74498445020858461     
          30          29  0.51670600124459543       0.58342816642514217      -0.62659914051937282     
          30          30  0.77081749241450692      -0.43821495569012309       0.46239382132259838     
